{
  "Mesh": {
    "serializedVersion": 11,
    "m_ObjectHideFlags": 0,
    "m_CorrespondingSourceObject": {
      "fileID": 0
    },
    "m_PrefabInstance": {
      "fileID": 0
    },
    "m_PrefabAsset": {
      "fileID": 0
    },
    "m_Name": "tako_mesh",
    "m_SubMeshes": [
      {
        "serializedVersion": 2,
        "firstByte": 0,
        "indexCount": 8124,
        "topology": 0,
        "baseVertex": 0,
        "firstVertex": 0,
        "vertexCount": 1844,
        "localAABB": {
          "m_Center": {
            "x": 0,
            "y": 330.76654,
            "z": -1.5258789e-05
          },
          "m_Extent": {
            "x": 489.67972,
            "y": 314.24817,
            "z": 393.5821
          }
        }
      },
      {
        "serializedVersion": 2,
        "firstByte": 16248,
        "indexCount": 2400,
        "topology": 0,
        "baseVertex": 0,
        "firstVertex": 1844,
        "vertexCount": 500,
        "localAABB": {
          "m_Center": {
            "x": 0,
            "y": 464.63232,
            "z": 201.60126
          },
          "m_Extent": {
            "x": 184.54276,
            "y": 28.019424,
            "z": 20.079048
          }
        }
      }
    ],
    "m_Shapes": {
      "vertices": [],
      "shapes": [],
      "channels": [],
      "fullWeights": []
    },
    "m_BindPose": [
      {
        "e00": -0.00799974,
        "e01": -0.99996793,
        "e02": -1.6973409e-25,
        "e03": 221.96881,
        "e10": -0.99996793,
        "e11": 0.00799974,
        "e12": -1.2246467e-16,
        "e13": -0.45461214,
        "e20": 1.2246078e-16,
        "e21": -9.796856e-19,
        "e22": -1,
        "e23": -14.05036,
        "e30": 0,
        "e31": 0,
        "e32": 0,
        "e33": 1
      },
      {
        "e00": 0.0047846297,
        "e01": -0.999989,
        "e02": 0,
        "e03": 381.9432,
        "e10": 0.999989,
        "e11": 0.0047846297,
        "e12": 2.287618e-11,
        "e13": -4.42856,
        "e20": -3.7252902e-11,
        "e21": 0,
        "e22": 1,
        "e23": 14.050365,
        "e30": 0,
        "e31": 0,
        "e32": 0,
        "e33": 1
      },
      {
        "e00": 1,
        "e01": -4.6566128e-12,
        "e02": 0,
        "e03": -1.452744,
        "e10": 9.3132255e-12,
        "e11": 1,
        "e12": -9.536743e-09,
        "e13": -621.9576,
        "e20": 0,
        "e21": 0,
        "e22": 1,
        "e23": 14.05035,
        "e30": 0,
        "e31": 0,
        "e32": 0,
        "e33": 1
      },
      {
        "e00": 3.7252902e-11,
        "e01": -0.185408,
        "e02": -0.98266196,
        "e03": 284.4992,
        "e10": 0,
        "e11": 0.9826621,
        "e12": -0.185408,
        "e13": -356.62442,
        "e20": 1,
        "e21": 1.3969838e-11,
        "e22": 1.11758706e-10,
        "e23": -2.6493762,
        "e30": 0,
        "e31": 0,
        "e32": 0,
        "e33": 1
      },
      {
        "e00": 0.8938158,
        "e01": 0.44843292,
        "e02": 2.1010387e-24,
        "e03": 33.936096,
        "e10": -0.44843295,
        "e11": 0.8938159,
        "e12": 0,
        "e13": -228.06882,
        "e20": 2.1175823e-24,
        "e21": 4.2351646e-24,
        "e22": 1,
        "e23": -3.3881318e-21,
        "e30": 0,
        "e31": 0,
        "e32": 0,
        "e33": 1
      },
      {
        "e00": 0.82542396,
        "e01": -0.5645139,
        "e02": 4.2351646e-24,
        "e03": 323.11203,
        "e10": 0.5645139,
        "e11": 0.82542396,
        "e12": 0,
        "e13": 112.58758,
        "e20": 0,
        "e21": -4.2351646e-24,
        "e22": 1,
        "e23": 0,
        "e30": 0,
        "e31": 0,
        "e32": 0,
        "e33": 1
      },
      {
        "e00": 1.7859741e-33,
        "e01": -1,
        "e02": 0,
        "e03": 169.74481,
        "e10": 1,
        "e11": -1.785975e-33,
        "e12": 2.1175823e-24,
        "e13": 447.6404,
        "e20": 0,
        "e21": 0,
        "e22": 1,
        "e23": 0,
        "e30": 0,
        "e31": 0,
        "e32": 0,
        "e33": 1
      },
      {
        "e00": -0.87002206,
        "e01": -0.49301296,
        "e02": -7.9409337e-25,
        "e03": -247.236,
        "e10": -0.493013,
        "e11": 0.8700219,
        "e12": -1.2246469e-16,
        "e13": -471.66998,
        "e20": 6.0376674e-17,
        "e21": -1.0654695e-16,
        "e22": -1,
        "e23": 5.776292e-14,
        "e30": 0,
        "e31": 0,
        "e32": 0,
        "e33": 1
      },
      {
        "e00": 0.893816,
        "e01": -0.44843298,
        "e02": 2.8208204e-16,
        "e03": -36.297604,
        "e10": -0.44843298,
        "e11": -0.8938159,
        "e12": 2.2737367e-15,
        "e13": 229.25359,
        "e20": -1.1368684e-15,
        "e21": -2.2737367e-15,
        "e22": -1,
        "e23": 0,
        "e30": 0,
        "e31": 0,
        "e32": 0,
        "e33": 1
      },
      {
        "e00": 0.8254239,
        "e01": 0.564514,
        "e02": 0,
        "e03": -325.2928,
        "e10": 0.564514,
        "e11": -0.82542396,
        "e12": -1.1368684e-15,
        "e13": -114.07918,
        "e20": 5.684342e-16,
        "e21": 0,
        "e22": -1,
        "e23": -4.5474735e-13,
        "e30": 0,
        "e31": 0,
        "e32": 0,
        "e33": 1
      },
      {
        "e00": 1.7799855e-16,
        "e01": 1,
        "e02": 1.1368684e-15,
        "e03": -169.74481,
        "e10": 1,
        "e11": 1.779986e-16,
        "e12": 1.1368684e-15,
        "e13": -450.284,
        "e20": 0,
        "e21": -1.1368684e-15,
        "e22": -1,
        "e23": -4.5474735e-13,
        "e30": 0,
        "e31": 0,
        "e32": 0,
        "e33": 1
      },
      {
        "e00": -0.87002206,
        "e01": 0.493013,
        "e02": 1.1368684e-15,
        "e03": 249.53638,
        "e10": -0.49301302,
        "e11": -0.87002194,
        "e12": 0,
        "e13": 472.97357,
        "e20": -1.7053025e-15,
        "e21": 0,
        "e22": 1,
        "e23": 0,
        "e30": 0,
        "e31": 0,
        "e32": 0,
        "e33": 1
      },
      {
        "e00": 4.6668157e-15,
        "e01": 0.688907,
        "e02": -0.72485,
        "e03": -74.77201,
        "e10": -1.1342449e-16,
        "e11": 0.72485006,
        "e12": 0.688907,
        "e13": -183.88321,
        "e20": 1,
        "e21": -6.7663946e-16,
        "e22": 0,
        "e23": -4.5474735e-13,
        "e30": 0,
        "e31": 0,
        "e32": 0,
        "e33": 1
      },
      {
        "e00": -8.265175e-17,
        "e01": 0.029748697,
        "e02": -0.99955696,
        "e03": 159.12239,
        "e10": -1.02284e-17,
        "e11": 0.99955696,
        "e12": 0.029748697,
        "e13": -104.3488,
        "e20": 1,
        "e21": 6.0112333e-17,
        "e22": 0,
        "e23": 4.5474735e-13,
        "e30": 0,
        "e31": 0,
        "e32": 0,
        "e33": 1
      },
      {
        "e00": -2.2185426e-16,
        "e01": 0.108059,
        "e02": -0.99414396,
        "e03": 274.628,
        "e10": -3.7671744e-17,
        "e11": 0.99414396,
        "e12": 0.10805898,
        "e13": -126.2788,
        "e20": 1,
        "e21": 1.1289797e-17,
        "e22": 0,
        "e23": 0,
        "e30": 0,
        "e31": 0,
        "e32": 0,
        "e33": 1
      },
      {
        "e00": -4.4892844e-15,
        "e01": -0.6889069,
        "e02": -0.72485,
        "e03": 54.40359,
        "e10": -5.5303635e-17,
        "e11": -0.72485,
        "e12": 0.688907,
        "e13": 203.242,
        "e20": -1,
        "e21": 5.471698e-15,
        "e22": -9.094947e-15,
        "e23": 3.637979e-12,
        "e30": 0,
        "e31": 0,
        "e32": 0,
        "e33": 1
      },
      {
        "e00": -1.039821e-16,
        "e01": -0.029748699,
        "e02": -0.99955696,
        "e03": -187.2104,
        "e10": 7.324119e-18,
        "e11": -0.99955696,
        "e12": 0.029748699,
        "e13": 105.185196,
        "e20": -1,
        "e21": 7.8560315e-15,
        "e22": -4.5474734e-15,
        "e23": 0,
        "e30": 0,
        "e31": 0,
        "e32": 0,
        "e33": 1
      },
      {
        "e00": -5.788656e-16,
        "e01": -0.108059,
        "e02": -0.99414396,
        "e03": -302.564,
        "e10": 6.2920135e-17,
        "e11": -0.99414396,
        "e12": 0.108059,
        "e13": 129.31561,
        "e20": -1,
        "e21": 4.6017907e-15,
        "e22": -4.5474734e-15,
        "e23": 1.8189894e-12,
        "e30": 0,
        "e31": 0,
        "e32": 0,
        "e33": 1
      },
      {
        "e00": -0.47271237,
        "e01": 0.745212,
        "e02": -0.4703205,
        "e03": -67.15442,
        "e10": 0.39438403,
        "e11": 0.65619093,
        "e12": 0.6433299,
        "e13": -198.12079,
        "e20": 0.7880381,
        "e21": 0.118623175,
        "e22": -0.60408986,
        "e23": -27.636576,
        "e30": 0,
        "e31": 0,
        "e32": 0,
        "e33": 1
      },
      {
        "e00": -0.6152511,
        "e01": 0.11749592,
        "e02": -0.7795258,
        "e03": 204.8504,
        "e10": -0.021490915,
        "e11": 0.985963,
        "e12": 0.1655737,
        "e13": -110.11361,
        "e20": 0.78803796,
        "e21": 0.11862217,
        "e22": -0.60409003,
        "e23": -27.63642,
        "e30": 0,
        "e31": 0,
        "e32": 0,
        "e33": 1
      },
      {
        "e00": -0.6150412,
        "e01": 0.1944687,
        "e02": -0.7641368,
        "e03": 359.39807,
        "e10": 0.026832098,
        "e11": 0.97370994,
        "e12": 0.22620721,
        "e13": -152.7596,
        "e20": 0.788038,
        "e21": 0.11862341,
        "e22": -0.60409,
        "e23": -27.636576,
        "e30": 0,
        "e31": 0,
        "e32": 0,
        "e33": 1
      },
      {
        "e00": 0.4727123,
        "e01": -0.7452121,
        "e02": -0.47032055,
        "e03": 53.938446,
        "e10": -0.394384,
        "e11": -0.6561909,
        "e12": 0.64333,
        "e13": 216.1988,
        "e20": -0.7880381,
        "e21": -0.11862312,
        "e22": -0.60408986,
        "e23": 10.661204,
        "e30": 0,
        "e31": 0,
        "e32": 0,
        "e33": 1
      },
      {
        "e00": 0.6152511,
        "e01": -0.11749593,
        "e02": -0.7795258,
        "e03": -226.75558,
        "e10": 0.021490913,
        "e11": -0.985963,
        "e12": 0.1655737,
        "e13": 114.76641,
        "e20": -0.78803784,
        "e21": -0.118622154,
        "e22": -0.60409003,
        "e23": 10.660922,
        "e30": 0,
        "e31": 0,
        "e32": 0,
        "e33": 1
      },
      {
        "e00": 0.6150412,
        "e01": -0.1944687,
        "e02": -0.7641368,
        "e03": -380.8712,
        "e10": -0.026832098,
        "e11": -0.97370994,
        "e12": 0.22620723,
        "e13": 159.11641,
        "e20": -0.788038,
        "e21": -0.11862341,
        "e22": -0.6040899,
        "e23": 10.661212,
        "e30": 0,
        "e31": 0,
        "e32": 0,
        "e33": 1
      },
      {
        "e00": 0.4727123,
        "e01": 0.7452121,
        "e02": 0.47032058,
        "e03": -55.187233,
        "e10": -0.39438403,
        "e11": 0.65619093,
        "e12": -0.64333004,
        "e13": -215.15723,
        "e20": -0.7880381,
        "e21": 0.11862316,
        "e22": 0.60408986,
        "e23": -8.579202,
        "e30": 0,
        "e31": 0,
        "e32": 0,
        "e33": 1
      },
      {
        "e00": 0.6152511,
        "e01": 0.11749593,
        "e02": 0.7795258,
        "e03": 225.12999,
        "e10": 0.02149091,
        "e11": 0.98596305,
        "e12": -0.1655737,
        "e13": -114.8232,
        "e20": -0.78803784,
        "e21": 0.118622154,
        "e22": 0.60409,
        "e23": -8.578918,
        "e30": 0,
        "e31": 0,
        "e32": 0,
        "e33": 1
      },
      {
        "e00": 0.6150412,
        "e01": 0.19446869,
        "e02": 0.7641368,
        "e03": 379.24603,
        "e10": -0.026832111,
        "e11": 0.97370994,
        "e12": -0.22620721,
        "e13": -159.0456,
        "e20": -0.788038,
        "e21": 0.118623406,
        "e22": 0.60408986,
        "e23": -8.579213,
        "e30": 0,
        "e31": 0,
        "e32": 0,
        "e33": 1
      },
      {
        "e00": -0.47271237,
        "e01": -0.74521214,
        "e02": 0.4703206,
        "e03": 68.403656,
        "e10": 0.39438406,
        "e11": -0.656191,
        "e12": -0.64333004,
        "e13": 197.0788,
        "e20": 0.78803813,
        "e21": -0.11862317,
        "e22": 0.60408986,
        "e23": 25.554615,
        "e30": 0,
        "e31": 0,
        "e32": 0,
        "e33": 1
      },
      {
        "e00": -0.6152511,
        "e01": -0.11749603,
        "e02": 0.7795258,
        "e03": -203.22478,
        "e10": -0.021490814,
        "e11": -0.9859631,
        "e12": -0.16557373,
        "e13": 110.17042,
        "e20": 0.78803784,
        "e21": -0.11862207,
        "e22": 0.60409,
        "e23": 25.55432,
        "e30": 0,
        "e31": 0,
        "e32": 0,
        "e33": 1
      },
      {
        "e00": -0.6150412,
        "e01": -0.19446869,
        "e02": 0.7641368,
        "e03": -357.77325,
        "e10": 0.026832087,
        "e11": -0.97370994,
        "e12": -0.22620721,
        "e13": 152.6888,
        "e20": 0.788038,
        "e21": -0.1186234,
        "e22": 0.60408986,
        "e23": 25.554646,
        "e30": 0,
        "e31": 0,
        "e32": 0,
        "e33": 1
      }
    ],
    "m_BoneNameHashes": "b7dc82d5d94a9fd3124ddff75eca41526506c55ba886fa4f32b38d776c758b88862f1584a1db0f932f578f87daf72dc63ab3593538b9013906b67e8d27b258569625630eeff8892f4767832f107d83e673fecce943a2ef4bb67561e82bf2b455209fe0b18ad32258441de7ee245a8cd52cdbc0561c119f52",
    "m_RootBoneNameHash": 3582123191,
    "m_BonesAABB": [
      {
        "m_Min": {
          "x": -309.06024,
          "y": -312.59247,
          "z": -272.7567
        },
        "m_Max": {
          "x": 106.77983,
          "y": 317.92346,
          "z": 300.57153
        }
      },
      {
        "m_Min": {
          "x": -263.06436,
          "y": -317.82703,
          "z": -300.57153
        },
        "m_Max": {
          "x": 222.28758,
          "y": 312.70215,
          "z": 277.9922
        }
      },
      {
        "m_Min": {
          "x": -94.10769,
          "y": -75.795044,
          "z": -233.74136
        },
        "m_Max": {
          "x": 91.202194,
          "y": -16.514282,
          "z": -159.59344
        }
      },
      {
        "m_Min": {
          "x": -42.722626,
          "y": -55.69458,
          "z": -76.847885
        },
        "m_Max": {
          "x": -16.060883,
          "y": 70.73538,
          "z": 71.54913
        }
      },
      {
        "m_Min": {
          "x": -326.66608,
          "y": -89.62558,
          "z": -82.78134
        },
        "m_Max": {
          "x": 69.07387,
          "y": 126.476166,
          "z": 82.765434
        }
      },
      {
        "m_Min": {
          "x": -234.00455,
          "y": -58.899483,
          "z": -58.918167
        },
        "m_Max": {
          "x": -41.392,
          "y": 108.19651,
          "z": 58.944702
        }
      },
      {
        "m_Min": {
          "x": -181.10297,
          "y": -42.039307,
          "z": -39.94322
        },
        "m_Max": {
          "x": -62.17064,
          "y": 99.221375,
          "z": 39.98761
        }
      },
      {
        "m_Min": {
          "x": -114.20894,
          "y": -14.094513,
          "z": -29.637575
        },
        "m_Max": {
          "x": -50.068527,
          "y": 30.919556,
          "z": 29.643583
        }
      },
      {
        "m_Min": {
          "x": -71.43538,
          "y": -125.2914,
          "z": -82.76544
        },
        "m_Max": {
          "x": 324.30463,
          "y": 90.81035,
          "z": 82.78133
        }
      },
      {
        "m_Min": {
          "x": 39.211212,
          "y": -109.688095,
          "z": -58.944725
        },
        "m_Max": {
          "x": 231.82379,
          "y": 57.407913,
          "z": 58.91819
        }
      },
      {
        "m_Min": {
          "x": 62.17064,
          "y": -101.86496,
          "z": -39.98761
        },
        "m_Max": {
          "x": 181.10297,
          "y": 39.39572,
          "z": 39.94322
        }
      },
      {
        "m_Min": {
          "x": 52.36891,
          "y": -29.615967,
          "z": -29.643583
        },
        "m_Max": {
          "x": 116.50934,
          "y": 15.398071,
          "z": 29.6376
        }
      },
      {
        "m_Min": {
          "x": -274.0381,
          "y": -61.23288,
          "z": -70.24372
        },
        "m_Max": {
          "x": 18.545265,
          "y": 119.1651,
          "z": 70.22997
        }
      },
      {
        "m_Min": {
          "x": -229.7758,
          "y": -58.490623,
          "z": -56.685303
        },
        "m_Max": {
          "x": 50.55635,
          "y": 69.27261,
          "z": 56.677864
        }
      },
      {
        "m_Min": {
          "x": -100.26901,
          "y": -9.090515,
          "z": -45.7397
        },
        "m_Max": {
          "x": -16.637756,
          "y": 75.69036,
          "z": 49.398994
        }
      },
      {
        "m_Min": {
          "x": -38.913654,
          "y": -88.43579,
          "z": -70.22997
        },
        "m_Max": {
          "x": 253.6697,
          "y": 80.591675,
          "z": 70.24372
        }
      },
      {
        "m_Min": {
          "x": 43.523697,
          "y": -68.43622,
          "z": -54.804657
        },
        "m_Max": {
          "x": 197.5042,
          "y": 59.32702,
          "z": 54.811287
        }
      },
      {
        "m_Min": {
          "x": -11.298248,
          "y": -72.653564,
          "z": -49.398994
        },
        "m_Max": {
          "x": 72.33304,
          "y": 12.127319,
          "z": 45.7397
        }
      },
      {
        "m_Min": {
          "x": -304.47424,
          "y": -82.59582,
          "z": -90.808586
        },
        "m_Max": {
          "x": 41.423096,
          "y": 154.6253,
          "z": 77.67014
        }
      },
      {
        "m_Min": {
          "x": -249.87527,
          "y": -65.58319,
          "z": -86.256256
        },
        "m_Max": {
          "x": 10.551666,
          "y": 105.236595,
          "z": 66.125656
        }
      },
      {
        "m_Min": {
          "x": -78.39691,
          "y": 11.409836,
          "z": -51.4486
        },
        "m_Max": {
          "x": 22.104279,
          "y": 96.6971,
          "z": 58.383034
        }
      },
      {
        "m_Min": {
          "x": -54.63906,
          "y": -142.75682,
          "z": -94.6455
        },
        "m_Max": {
          "x": 291.25827,
          "y": 93.63892,
          "z": 73.83323
        }
      },
      {
        "m_Min": {
          "x": 70.656555,
          "y": -100.58379,
          "z": -75.35843
        },
        "m_Max": {
          "x": 227.9701,
          "y": 70.23599,
          "z": 56.45698
        }
      },
      {
        "m_Min": {
          "x": -43.426605,
          "y": -90.3403,
          "z": -75.3584
        },
        "m_Max": {
          "x": 56.923798,
          "y": -5.0530243,
          "z": 34.473225
        }
      },
      {
        "m_Min": {
          "x": -292.50708,
          "y": -99.63225,
          "z": -71.75122
        },
        "m_Max": {
          "x": 53.390274,
          "y": 143.79843,
          "z": 96.727516
        }
      },
      {
        "m_Min": {
          "x": -229.59569,
          "y": -70.29278,
          "z": -54.37494
        },
        "m_Max": {
          "x": -72.28215,
          "y": 100.52701,
          "z": 77.440506
        }
      },
      {
        "m_Min": {
          "x": -58.54895,
          "y": 5.1238403,
          "z": -32.39121
        },
        "m_Max": {
          "x": 41.801453,
          "y": 90.4111,
          "z": 77.44042
        }
      },
      {
        "m_Min": {
          "x": -40.17386,
          "y": -155.66736,
          "z": -79.752106
        },
        "m_Max": {
          "x": 305.7235,
          "y": 81.5538,
          "z": 88.72664
        }
      },
      {
        "m_Min": {
          "x": -8.926041,
          "y": -105.17985,
          "z": -68.20774
        },
        "m_Max": {
          "x": 251.50087,
          "y": 65.63997,
          "z": 84.17416
        }
      },
      {
        "m_Min": {
          "x": -20.479462,
          "y": -96.7679,
          "z": -60.464947
        },
        "m_Max": {
          "x": 80.02173,
          "y": -11.480637,
          "z": 49.366642
        }
      }
    ],
    "m_VariableBoneCountWeights": {
      "m_Data": null
    },
    "m_MeshCompression": 0,
    "m_IsReadable": 0,
    "m_KeepVertices": 0,
    "m_KeepIndices": 0,
    "m_IndexFormat": 0,
