{
  "Mesh": {
    "serializedVersion": 11,
    "m_ObjectHideFlags": 0,
    "m_CorrespondingSourceObject": {
      "fileID": 0
    },
    "m_PrefabInstance": {
      "fileID": 0
    },
    "m_PrefabAsset": {
      "fileID": 0
    },
    "m_Name": "tako_mesh",
    "m_SubMeshes": [
      {
        "serializedVersion": 2,
        "firstByte": 0,
        "indexCount": 8364,
        "topology": 0,
        "baseVertex": 0,
        "firstVertex": 0,
        "vertexCount": 1753,
        "localAABB": {
          "m_Center": {
            "x": 3.0517578e-05,
            "y": -91.0346,
            "z": 126.798325
          },
          "m_Extent": {
            "x": 489.68002,
            "y": 314.2488,
            "z": 393.58124
          }
        }
      },
      {
        "serializedVersion": 2,
        "firstByte": 16728,
        "indexCount": 1800,
        "topology": 0,
        "baseVertex": 0,
        "firstVertex": 1753,
        "vertexCount": 376,
        "localAABB": {
          "m_Center": {
            "x": -0.4757843,
            "y": 39.27837,
            "z": 351.52777
          },
          "m_Extent": {
            "x": 145.56671,
            "y": 29.14674,
            "z": 21.467178
          }
        }
      },
      {
        "serializedVersion": 2,
        "firstByte": 20328,
        "indexCount": 1596,
        "topology": 0,
        "baseVertex": 0,
        "firstVertex": 2129,
        "vertexCount": 375,
        "localAABB": {
          "m_Center": {
            "x": -1.1342621,
            "y": 41.086708,
            "z": 343.96808
          },
          "m_Extent": {
            "x": 198.71582,
            "y": 110.87542,
            "z": 44.264603
          }
        }
      },
      {
        "serializedVersion": 2,
        "firstByte": 23520,
        "indexCount": 564,
        "topology": 0,
        "baseVertex": 0,
        "firstVertex": 2504,
        "vertexCount": 201,
        "localAABB": {
          "m_Center": {
            "x": 2.8175507,
            "y": 198.34952,
            "z": -72.874756
          },
          "m_Extent": {
            "x": 310.62427,
            "y": 215.45517,
            "z": 450.0664
          }
        }
      }
    ],
    "m_Shapes": {
      "vertices": [],
      "shapes": [],
      "channels": [],
      "fullWeights": []
    },
    "m_BindPose": [
      {
        "e00": -0.0061055706,
        "e01": -0.9999813,
        "e02": -8.0990895e-26,
        "e03": -421.79385,
        "e10": -0.9999813,
        "e11": 0.006105571,
        "e12": 1.2246467e-16,
        "e13": 2.57527,
        "e20": -1.2246238e-16,
        "e21": 7.477168e-19,
        "e22": -1,
        "e23": 126.79857,
        "e30": 0,
        "e31": 0,
        "e32": 0,
        "e33": 1
      },
      {
        "e00": -0.007999751,
        "e01": -0.99996865,
        "e02": 2.3197484e-19,
        "e03": -199.81978,
        "e10": -0.99996865,
        "e11": 0.007999751,
        "e12": 1.2246475e-16,
        "e13": 2.9196253,
        "e20": -1.2246261e-16,
        "e21": 7.477188e-19,
        "e22": -1,
        "e23": 112.74821,
        "e30": 0,
        "e31": 0,
        "e32": 0,
        "e33": 1
      },
      {
        "e00": 0.0047846315,
        "e01": -0.99998814,
        "e02": 0,
        "e03": -39.853577,
        "e10": 0.99998826,
        "e11": 0.0047846315,
        "e12": 2.287618e-11,
        "e13": -2.410326,
        "e20": 0,
        "e21": 0,
        "e22": 1,
        "e23": -112.748215,
        "e30": 0,
        "e31": 0,
        "e32": 0,
        "e33": 1
      },
      {
        "e00": 0.99999905,
        "e01": 0,
        "e02": 3.7252902e-11,
        "e03": -1.4526752,
        "e10": 4.6566128e-12,
        "e11": 0.99999917,
        "e12": 0,
        "e13": -200.15543,
        "e20": 0,
        "e21": 9.536743e-09,
        "e22": 1,
        "e23": -112.748215,
        "e30": 0,
        "e31": 0,
        "e32": 0,
        "e33": 1
      },
      {
        "e00": 0,
        "e01": -0.18540801,
        "e02": -0.98266166,
        "e03": 330.89398,
        "e10": 0,
        "e11": 0.9826607,
        "e12": -0.18540785,
        "e13": 81.373474,
        "e20": 0.99999917,
        "e21": 9.3132255e-12,
        "e22": 0,
        "e23": -2.649305,
        "e30": 0,
        "e31": 0,
        "e32": 0,
        "e33": 1
      },
      {
        "e00": 1.0000005,
        "e01": -9.3132255e-12,
        "e02": -3.7252902e-11,
        "e03": -2.6493056,
        "e10": -4.6566128e-12,
        "e11": 0.99999976,
        "e12": 0,
        "e13": 3.8381042,
        "e20": 0,
        "e21": 9.536743e-09,
        "e22": 0.99999934,
        "e23": -387.56775,
        "e30": 0,
        "e31": 0,
        "e32": 0,
        "e33": 1
      },
      {
        "e00": 0.8938158,
        "e01": 0.4484332,
        "e02": -1.09123526e-16,
        "e03": 223.0862,
        "e10": -0.44843325,
        "e11": 0.893816,
        "e12": -6.6880094e-17,
        "e13": 148.94449,
        "e20": 6.7545134e-17,
        "e21": 1.08713205e-16,
        "e22": 1,
        "e23": -126.79857,
        "e30": 0,
        "e31": 0,
        "e32": 0,
        "e33": 1
      },
      {
        "e00": 0.82542396,
        "e01": -0.5645147,
        "e02": 5.6168107e-18,
        "e03": 84.99916,
        "e10": 0.5645147,
        "e11": 0.82542396,
        "e12": -1.278647e-16,
        "e13": 460.75275,
        "e20": 6.7545114e-17,
        "e21": 1.08713205e-16,
        "e22": 1,
        "e23": -126.79856,
        "e30": 0,
        "e31": 0,
        "e32": 0,
        "e33": 1
      },
      {
        "e00": 4.4294916e-07,
        "e01": -0.99999875,
        "e02": 1.0871305e-16,
        "e03": -252.05614,
        "e10": 0.99999875,
        "e11": 4.4294913e-07,
        "e12": -6.7545114e-17,
        "e13": 447.64035,
        "e20": 6.7545134e-17,
        "e21": 1.087132e-16,
        "e22": 1,
        "e23": -126.79857,
        "e30": 0,
        "e31": 0,
        "e32": 0,
        "e33": 1
      },
      {
        "e00": -0.87002254,
        "e01": -0.49301273,
        "e02": 1.1236286e-16,
        "e03": -455.1903,
        "e10": -0.49301273,
        "e11": 0.87002254,
        "e12": 1.2246471e-16,
        "e13": -104.69287,
        "e20": -1.5813478e-16,
        "e21": 5.1150708e-17,
        "e22": -1,
        "e23": 126.79857,
        "e30": 0,
        "e31": 0,
        "e32": 0,
        "e33": 1
      },
      {
        "e00": 0.893816,
        "e01": -0.44843322,
        "e02": 2.8208204e-16,
        "e03": -225.44757,
        "e10": -0.44843322,
        "e11": -0.8938159,
        "e12": 2.2737367e-15,
        "e13": -147.75963,
        "e20": -5.684342e-16,
        "e21": 1.1368684e-15,
        "e22": -1,
        "e23": 126.79857,
        "e30": 0,
        "e31": 0,
        "e32": 0,
        "e33": 1
      },
      {
        "e00": 0.8254239,
        "e01": 0.56451464,
        "e02": 0,
        "e03": -87.179794,
        "e10": 0.56451464,
        "e11": -0.82542396,
        "e12": -1.1368684e-15,
        "e13": -462.24423,
        "e20": 1.1368684e-15,
        "e21": -1.1368684e-15,
        "e22": -1,
        "e23": 126.79856,
        "e30": 0,
        "e31": 0,
        "e32": 0,
        "e33": 1
      },
      {
        "e00": 4.4294916e-07,
        "e01": 0.99999875,
        "e02": 0,
        "e03": 252.05643,
        "e10": 0.99999875,
        "e11": -4.4294916e-07,
        "e12": 0,
        "e13": -450.28375,
        "e20": 5.684342e-16,
        "e21": -1.1368684e-15,
        "e22": -1,
        "e23": 126.79857,
        "e30": 0,
        "e31": 0,
        "e32": 0,
        "e33": 1
      },
      {
        "e00": -0.87002265,
        "e01": 0.4930127,
        "e02": 5.684342e-16,
        "e03": 457.49002,
        "e10": -0.49301273,
        "e11": -0.87002254,
        "e12": -2.2737367e-15,
        "e13": 105.99643,
        "e20": -5.684342e-16,
        "e21": 2.2737367e-15,
        "e22": 1,
        "e23": -126.79857,
        "e30": 0,
        "e31": 0,
        "e32": 0,
        "e33": 1
      },
      {
        "e00": 6.7373657e-16,
        "e01": 0.6889069,
        "e02": -0.7248495,
        "e03": 307.71994,
        "e10": 3.9071453e-15,
        "e11": 0.7248497,
        "e12": 0.68890685,
        "e13": 34.507492,
        "e20": 0.9999996,
        "e21": -1.5581232e-16,
        "e22": 0,
        "e23": 6.953121e-05,
        "e30": 0,
        "e31": 0,
        "e32": 0,
        "e33": 1
      },
      {
        "e00": 3.9903463e-16,
        "e01": 0.029748699,
        "e02": -0.99955696,
        "e03": 298.4124,
        "e10": -4.5804967e-15,
        "e11": 0.99955696,
        "e12": 0.029748699,
        "e13": 313.49353,
        "e20": 1,
        "e21": 6.2815853e-15,
        "e22": 0,
        "e23": 7.145326e-05,
        "e30": 0,
        "e31": 0,
        "e32": 0,
        "e33": 1
      },
      {
        "e00": 5.414571e-16,
        "e01": 0.10805927,
        "e02": -0.9941455,
        "e03": 446.2638,
        "e10": -1.2064039e-16,
        "e11": 0.9941454,
        "e12": 0.10805928,
        "e13": 279.35138,
        "e20": 1,
        "e21": 2.2101194e-15,
        "e22": -2.2737367e-15,
        "e23": 7.081032e-05,
        "e30": 0,
        "e31": 0,
        "e32": 0,
        "e33": 1
      },
      {
        "e00": 0,
        "e01": -0.6889069,
        "e02": -0.7248496,
        "e03": -144.2688,
        "e10": 0,
        "e11": -0.7248496,
        "e12": 0.68890685,
        "e13": -189.85344,
        "e20": -0.9999996,
        "e21": -7.82506e-15,
        "e22": 0,
        "e23": -6.953121e-05,
        "e30": 0,
        "e31": 0,
        "e32": 0,
        "e33": 1
      },
      {
        "e00": 0,
        "e01": -0.0297487,
        "e02": -0.99955696,
        "e03": -73.01617,
        "e10": 1.1368684e-15,
        "e11": -0.99955696,
        "e12": 0.029748699,
        "e13": -320.20197,
        "e20": -1,
        "e21": 7.613167e-16,
        "e22": 0,
        "e23": -7.145327e-05,
        "e30": 0,
        "e31": 0,
        "e32": 0,
        "e33": 1
      },
      {
        "e00": 0,
        "e01": -0.10805926,
        "e02": -0.9941454,
        "e03": -222.08745,
        "e10": 0,
        "e11": -0.99414533,
        "e12": 0.10805927,
        "e13": -303.71826,
        "e20": -1,
        "e21": 7.9002695e-15,
        "e22": 0,
        "e23": -7.081032e-05,
        "e30": 0,
        "e31": 0,
        "e32": 0,
        "e33": 1
      },
      {
        "e00": -0.4727122,
        "e01": 0.74521214,
        "e02": -0.47032058,
        "e03": 306.81335,
        "e10": 0.39438432,
        "e11": 0.6561911,
        "e12": 0.64333016,
        "e13": -2.911377,
        "e20": 0.78803784,
        "e21": 0.11862304,
        "e22": -0.6040897,
        "e23": 98.99668,
        "e30": 0,
        "e31": 0,
        "e32": 0,
        "e33": 1
      },
      {
        "e00": -0.615251,
        "e01": 0.11749558,
        "e02": -0.77952695,
        "e03": 353.25323,
        "e10": -0.021491062,
        "e11": 0.98596436,
        "e12": 0.16557339,
        "e13": 284.77283,
        "e20": 0.7880385,
        "e21": 0.118621826,
        "e22": -0.6040895,
        "e23": 98.99609,
        "e30": 0,
        "e31": 0,
        "e32": 0,
        "e33": 1
      },
      {
        "e00": -0.6150416,
        "e01": 0.19446842,
        "e02": -0.7641373,
        "e03": 538.31665,
        "e10": 0.026830727,
        "e11": 0.9737092,
        "e12": 0.22620761,
        "e13": 229.27016,
        "e20": 0.78803796,
        "e21": 0.11862479,
        "e22": -0.60408956,
        "e23": 98.997345,
        "e30": 0,
        "e31": 0,
        "e32": 0,
        "e33": 1
      },
      {
        "e00": 0.4727122,
        "e01": -0.74521214,
        "e02": -0.47032058,
        "e03": -200.75766,
        "e10": -0.39438432,
        "e11": -0.6561911,
        "e12": 0.64333016,
        "e13": -142.1571,
        "e20": -0.78803784,
        "e21": -0.11862304,
        "e22": -0.6040897,
        "e23": 37.223396,
        "e30": 0,
        "e31": 0,
        "e32": 0,
        "e33": 1
      },
      {
        "e00": 0.615251,
        "e01": -0.11749558,
        "e02": -0.77952695,
        "e03": -177.47263,
        "e10": 0.021491062,
        "e11": -0.98596436,
        "e12": 0.16557339,
        "e13": -322.10938,
        "e20": -0.7880385,
        "e21": -0.118621826,
        "e22": -0.6040895,
        "e23": 37.22366,
        "e30": 0,
        "e31": 0,
        "e32": 0,
        "e33": 1
      },
      {
        "e00": 0.6150416,
        "e01": -0.19446844,
        "e02": -0.7641373,
        "e03": -366.00684,
        "e10": -0.026830701,
        "e11": -0.9737092,
        "e12": 0.22620763,
        "e13": -280.279,
        "e20": -0.78803796,
        "e21": -0.11862483,
        "e22": -0.60408956,
        "e23": 37.22287,
        "e30": 0,
        "e31": 0,
        "e32": 0,
        "e33": 1
      },
      {
        "e00": 0.4727122,
        "e01": 0.74521214,
        "e02": 0.47032058,
        "e03": 199.50877,
        "e10": -0.39438438,
        "e11": 0.6561911,
        "e12": -0.6433302,
        "e13": 143.19902,
        "e20": -0.78803784,
        "e21": 0.118623,
        "e22": 0.60408974,
        "e23": -35.14152,
        "e30": 0,
        "e31": 0,
        "e32": 0,
        "e33": 1
      },
      {
        "e00": 0.61525095,
        "e01": 0.11749561,
        "e02": 0.7795268,
        "e03": 175.84721,
        "e10": 0.021491067,
        "e11": 0.9859644,
        "e12": -0.16557334,
        "e13": 322.0526,
        "e20": -0.7880385,
        "e21": 0.118621804,
        "e22": 0.60408944,
        "e23": -35.141796,
        "e30": 0,
        "e31": 0,
        "e32": 0,
        "e33": 1
      },
      {
        "e00": 0.6150416,
        "e01": 0.19446844,
        "e02": 0.7641373,
        "e03": 364.382,
        "e10": -0.02683072,
        "e11": 0.9737091,
        "e12": -0.2262076,
        "e13": 280.34982,
        "e20": -0.78803796,
        "e21": 0.11862478,
        "e22": 0.6040895,
        "e23": -35.140984,
        "e30": 0,
        "e31": 0,
        "e32": 0,
        "e33": 1
      },
      {
        "e00": -0.47271225,
        "e01": -0.74521226,
        "e02": 0.47032058,
        "e03": -305.5644,
        "e10": 0.39438438,
        "e11": -0.6561911,
        "e12": -0.6433302,
        "e13": 1.8695984,
        "e20": 0.78803796,
        "e21": -0.11862299,
        "e22": 0.6040897,
        "e23": -101.078514,
        "e30": 0,
        "e31": 0,
        "e32": 0,
        "e33": 1
      },
      {
        "e00": -0.61525095,
        "e01": -0.11749562,
        "e02": 0.77952695,
        "e03": -351.62766,
        "e10": -0.021491045,
        "e11": -0.9859645,
        "e12": -0.16557334,
        "e13": -284.7164,
        "e20": 0.7880384,
        "e21": -0.1186218,
        "e22": 0.60408944,
        "e23": -101.078156,
        "e30": 0,
        "e31": 0,
        "e32": 0,
        "e33": 1
      },
      {
        "e00": -0.6150416,
        "e01": -0.19446844,
        "e02": 0.7641373,
        "e03": -536.69214,
        "e10": 0.026830727,
        "e11": -0.9737091,
        "e12": -0.2262076,
        "e13": -229.3409,
        "e20": 0.78803796,
        "e21": -0.11862476,
        "e22": 0.6040895,
        "e23": -101.07897,
        "e30": 0,
        "e31": 0,
        "e32": 0,
        "e33": 1
      }
    ],
    "m_BoneNameHashes": "5bf9f416b7dc82d5d94a9fd3124ddff75eca4152f65375a66506c55ba886fa4f32b38d776c758b88862f1584a1db0f932f578f87daf72dc63ab3593538b9013906b67e8d27b258569625630eeff8892f4767832f107d83e673fecce943a2ef4bb67561e82bf2b455209fe0b18ad32258441de7ee245a8cd52cdbc0561c119f52",
    "m_RootBoneNameHash": 385153371,
    "m_BonesAABB": [
      {
        "m_Min": {
          "x": "Infinity",
          "y": "Infinity",
          "z": "Infinity"
        },
        "m_Max": {
          "x": "-Infinity",
          "y": "-Infinity",
          "z": "-Infinity"
        }
      },
      {
        "m_Min": {
          "x": -310.1406,
          "y": -312.5931,
          "z": -261.85126
        },
        "m_Max": {
          "x": 107.4026,
          "y": 317.9241,
          "z": 300.5715
        }
      },
      {
        "m_Min": {
          "x": -453.61,
          "y": -317.82724,
          "z": -635.6894
        },
        "m_Max": {
          "x": 222.2879,
          "y": 312.70236,
          "z": 275.4845
        }
      },
      {
        "m_Min": {
          "x": -94.10776,
          "y": -75.7936,
          "z": -233.74136
        },
        "m_Max": {
          "x": 91.202255,
          "y": -16.512817,
          "z": -159.59344
        }
      },
      {
        "m_Min": {
          "x": -14.745972,
          "y": -107.142166,
          "z": -2.6493735
        },
        "m_Max": {
          "x": -14.745972,
          "y": -107.142166,
          "z": -2.6493735
        }
      },
      {
        "m_Min": {
          "x": "Infinity",
          "y": "Infinity",
          "z": "Infinity"
        },
        "m_Max": {
          "x": "-Infinity",
          "y": "-Infinity",
          "z": "-Infinity"
        }
      },
      {
        "m_Min": {
          "x": -326.66565,
          "y": -89.62576,
          "z": -82.78133
        },
        "m_Max": {
          "x": 69.073975,
          "y": 126.47728,
          "z": 82.76546
        }
      },
      {
        "m_Min": {
          "x": -234.00499,
          "y": -58.899353,
          "z": -58.918167
        },
        "m_Max": {
          "x": -41.39145,
          "y": 108.19644,
          "z": 58.944695
        }
      },
      {
        "m_Min": {
          "x": -181.10251,
          "y": -42.039124,
          "z": -39.943222
        },
        "m_Max": {
          "x": -62.170822,
          "y": 99.22153,
          "z": 39.98761
        }
      },
      {
        "m_Min": {
          "x": -114.20926,
          "y": -14.094063,
          "z": -29.637573
        },
        "m_Max": {
          "x": -50.06897,
          "y": 30.92012,
          "z": 29.643585
        }
      },
      {
        "m_Min": {
          "x": -71.435455,
          "y": -125.29274,
          "z": -82.76546
        },
        "m_Max": {
          "x": 324.30402,
          "y": 90.810425,
          "z": 82.78131
        }
      },
      {
        "m_Min": {
          "x": 39.210907,
          "y": -109.68765,
          "z": -58.944725
        },
        "m_Max": {
          "x": 231.82414,
          "y": 57.40744,
          "z": 58.91819
        }
      },
      {
        "m_Min": {
          "x": 62.17073,
          "y": -101.86606,
          "z": -39.98761
        },
        "m_Max": {
          "x": 181.10275,
          "y": 39.395782,
          "z": 39.943222
        }
      },
      {
        "m_Min": {
          "x": 52.369232,
          "y": -29.616028,
          "z": -29.643585
        },
        "m_Max": {
          "x": 116.50989,
          "y": 15.398193,
          "z": 29.637604
        }
      },
      {
        "m_Min": {
          "x": -274.03714,
          "y": -61.232803,
          "z": -70.24372
        },
        "m_Max": {
          "x": 18.545624,
          "y": 119.165054,
          "z": 70.229965
        }
      },
      {
        "m_Min": {
          "x": -229.7752,
          "y": -58.49063,
          "z": -56.68532
        },
        "m_Max": {
          "x": 50.55626,
          "y": 69.272125,
          "z": 56.677883
        }
      },
      {
        "m_Min": {
          "x": -100.268555,
          "y": -9.0902405,
          "z": -45.739697
        },
        "m_Max": {
          "x": -16.63742,
          "y": 75.69026,
          "z": 49.399
        }
      },
      {
        "m_Min": {
          "x": -38.91337,
          "y": -88.4359,
          "z": -70.229965
        },
        "m_Max": {
          "x": 253.66962,
          "y": 80.59187,
          "z": 70.24372
        }
      },
      {
        "m_Min": {
          "x": 43.523827,
          "y": -68.43617,
          "z": -54.80466
        },
        "m_Max": {
          "x": 197.50351,
          "y": 59.327087,
          "z": 54.811287
        }
      },
      {
        "m_Min": {
          "x": -11.297791,
          "y": -72.65349,
          "z": -49.398994
        },
        "m_Max": {
          "x": 72.3329,
          "y": 12.127411,
          "z": 45.739697
        }
      },
      {
        "m_Min": {
          "x": -304.47363,
          "y": -82.596214,
          "z": -90.80857
        },
        "m_Max": {
          "x": 41.423096,
          "y": 154.62589,
          "z": 77.67015
        }
      },
      {
        "m_Min": {
          "x": -249.8753,
          "y": -65.58362,
          "z": -86.256454
        },
        "m_Max": {
          "x": 10.552216,
          "y": 105.23625,
          "z": 66.12552
        }
      },
      {
        "m_Min": {
          "x": -78.39697,
          "y": 11.409866,
          "z": -51.44876
        },
        "m_Max": {
          "x": 22.104187,
          "y": 96.69716,
          "z": 58.382828
        }
      },
      {
        "m_Min": {
          "x": -54.63893,
          "y": -142.75688,
          "z": -94.645515
        },
        "m_Max": {
          "x": 291.2577,
          "y": 93.63878,
          "z": 73.83326
        }
      },
      {
        "m_Min": {
          "x": 70.65651,
          "y": -100.58356,
          "z": -75.35849
        },
        "m_Max": {
          "x": 227.96982,
          "y": 70.236145,
          "z": 56.45724
        }
      },
      {
        "m_Min": {
          "x": -43.426575,
          "y": -90.34007,
          "z": -75.35815
        },
        "m_Max": {
          "x": 56.923553,
          "y": -5.052826,
          "z": 34.473434
        }
      },
      {
        "m_Min": {
          "x": -292.50696,
          "y": -92.59749,
          "z": -71.75125
        },
        "m_Max": {
          "x": 53.389877,
          "y": 143.79901,
          "z": 96.72749
        }
      },
      {
        "m_Min": {
          "x": -229.59566,
          "y": -70.29303,
          "z": -54.37521
        },
        "m_Max": {
          "x": -72.2823,
          "y": 100.526886,
          "z": 77.440475
        }
      },
      {
        "m_Min": {
          "x": -58.54886,
          "y": 5.1237793,
          "z": -32.391365
        },
        "m_Max": {
          "x": 41.80133,
          "y": 90.4111,
          "z": 77.440186
        }
      },
      {
        "m_Min": {
          "x": -40.173492,
          "y": -155.66757,
          "z": -79.752144
        },
        "m_Max": {
          "x": 305.72296,
          "y": 81.55377,
          "z": 88.72663
        }
      },
      {
        "m_Min": {
          "x": -8.925812,
          "y": -105.179794,
          "z": -68.207596
        },
        "m_Max": {
          "x": 251.50082,
          "y": 65.64026,
          "z": 84.17435
        }
      },
      {
        "m_Min": {
          "x": -20.479614,
          "y": -96.76793,
          "z": -60.464836
        },
        "m_Max": {
          "x": 80.021484,
          "y": -11.480621,
          "z": 49.366768
        }
      }
    ],
    "m_VariableBoneCountWeights": {
      "m_Data": null
    },
    "m_MeshCompression": 0,
    "m_IsReadable": 0,
    "m_KeepVertices": 0,
    "m_KeepIndices": 0,
    "m_IndexFormat": 0,
