{
  "Mesh": {
    "serializedVersion": 11,
    "m_ObjectHideFlags": 0,
    "m_CorrespondingSourceObject": {
      "fileID": 0
    },
    "m_PrefabInstance": {
      "fileID": 0
    },
    "m_PrefabAsset": {
      "fileID": 0
    },
    "m_Name": "tako_mesh",
    "m_SubMeshes": [
      {
        "serializedVersion": 2,
        "firstByte": 0,
        "indexCount": 8124,
        "topology": 0,
        "baseVertex": 0,
        "firstVertex": 0,
        "vertexCount": 1722,
        "localAABB": {
          "m_Center": {
            "x": 3.0517578e-05,
            "y": -11.7039795,
            "z": -1.5258789e-05
          },
          "m_Extent": {
            "x": 489.6797,
            "y": 314.24866,
            "z": 393.58136
          }
        }
      },
      {
        "serializedVersion": 2,
        "firstByte": 16248,
        "indexCount": 2400,
        "topology": 0,
        "baseVertex": 0,
        "firstVertex": 1722,
        "vertexCount": 500,
        "localAABB": {
          "m_Center": {
            "x": -0.00011444092,
            "y": 122.162125,
            "z": 201.60141
          },
          "m_Extent": {
            "x": 184.54291,
            "y": 28.019474,
            "z": 20.07904
          }
        }
      },
      {
        "serializedVersion": 2,
        "firstByte": 21048,
        "indexCount": 1200,
        "topology": 0,
        "baseVertex": 0,
        "firstVertex": 2222,
        "vertexCount": 300,
        "localAABB": {
          "m_Center": {
            "x": -9.1552734e-05,
            "y": 88.16743,
            "z": -71.33958
          },
          "m_Extent": {
            "x": 342.3686,
            "y": 244.70386,
            "z": 253.4707
          }
        }
      }
    ],
    "m_Shapes": {
      "vertices": [],
      "shapes": [],
      "channels": [],
      "fullWeights": []
    },
    "m_BindPose": [
      {
        "e00": -0.0061055706,
        "e01": -0.9999813,
        "e02": -8.0990895e-26,
        "e03": -342.46445,
        "e10": -0.9999813,
        "e11": 0.006105571,
        "e12": 1.2246467e-16,
        "e13": 2.0908623,
        "e20": -1.2246238e-16,
        "e21": 7.477168e-19,
        "e22": -1,
        "e23": 0.00015342236,
        "e30": 0,
        "e31": 0,
        "e32": 0,
        "e33": 1
      },
      {
        "e00": -0.007999748,
        "e01": -0.9999683,
        "e02": 2.319748e-19,
        "e03": -120.49123,
        "e10": -0.9999683,
        "e11": 0.007999748,
        "e12": 1.2246471e-16,
        "e13": 2.2849498,
        "e20": -1.2246261e-16,
        "e21": 7.477188e-19,
        "e22": -1,
        "e23": -14.050211,
        "e30": 0,
        "e31": 0,
        "e32": 0,
        "e33": 1
      },
      {
        "e00": 0.004784634,
        "e01": -0.99998856,
        "e02": 0,
        "e03": 39.47635,
        "e10": 0.99998856,
        "e11": 0.004784634,
        "e12": 2.287618e-11,
        "e13": -2.7898483,
        "e20": -3.7252902e-11,
        "e21": 0,
        "e22": 1,
        "e23": 14.050209,
        "e30": 0,
        "e31": 0,
        "e32": 0,
        "e33": 1
      },
      {
        "e00": 0.9999996,
        "e01": -4.6566128e-12,
        "e02": 3.7252902e-11,
        "e03": -1.4526261,
        "e10": 4.6566128e-12,
        "e11": 0.9999996,
        "e12": 0,
        "e13": -279.48636,
        "e20": 3.7252902e-11,
        "e21": 9.536743e-09,
        "e22": 1,
        "e23": 14.050209,
        "e30": 0,
        "e31": 0,
        "e32": 0,
        "e33": 1
      },
      {
        "e00": -3.7252902e-11,
        "e01": -0.18540794,
        "e02": -0.98266166,
        "e03": 221.00266,
        "e10": -4.6566128e-12,
        "e11": 0.9826612,
        "e12": -0.18540785,
        "e13": -20.09143,
        "e20": 0.9999997,
        "e21": 4.6566128e-12,
        "e22": 0,
        "e23": -2.6492574,
        "e30": 0,
        "e31": 0,
        "e32": 0,
        "e33": 1
      },
      {
        "e00": 1,
        "e01": -9.3132255e-12,
        "e02": 0,
        "e03": -2.6492577,
        "e10": -9.3132255e-12,
        "e11": 0.9999997,
        "e12": -8.5830685e-08,
        "e13": -75.49271,
        "e20": 0,
        "e21": 9.5367426e-08,
        "e22": 0.9999997,
        "e23": -260.76947,
        "e30": 0,
        "e31": 0,
        "e32": 0,
        "e33": 1
      },
      {
        "e00": 0.8938161,
        "e01": 0.44843334,
        "e02": -1.09123566e-16,
        "e03": 187.51163,
        "e10": -0.4484334,
        "e11": 0.89381623,
        "e12": -6.6880113e-17,
        "e13": 78.03723,
        "e20": 6.754515e-17,
        "e21": 1.08713205e-16,
        "e22": 1,
        "e23": -0.00015748372,
        "e30": 0,
        "e31": 0,
        "e32": 0,
        "e33": 1
      },
      {
        "e00": 0.8254237,
        "e01": -0.5645143,
        "e02": 5.616777e-18,
        "e03": 129.78253,
        "e10": 0.5645143,
        "e11": 0.8254237,
        "e12": -1.2786467e-16,
        "e13": 395.27118,
        "e20": 6.754515e-17,
        "e21": 1.0871317e-16,
        "e22": 1,
        "e23": -0.00015342236,
        "e30": 0,
        "e31": 0,
        "e32": 0,
        "e33": 1
      },
      {
        "e00": 9.487622e-08,
        "e01": -0.9999996,
        "e02": 1.0871317e-16,
        "e03": -172.7256,
        "e10": 0.9999996,
        "e11": 9.48762e-08,
        "e12": -6.7545134e-17,
        "e13": 447.64032,
        "e20": 6.7545134e-17,
        "e21": 1.08713205e-16,
        "e22": 1,
        "e23": -0.00015342236,
        "e30": 0,
        "e31": 0,
        "e32": 0,
        "e33": 1
      },
      {
        "e00": -0.8700221,
        "e01": -0.4930126,
        "e02": 1.1236276e-16,
        "e03": -416.07892,
        "e10": -0.49301258,
        "e11": 0.8700222,
        "e12": 1.2246466e-16,
        "e13": -173.71292,
        "e20": -1.5813467e-16,
        "e21": 5.1150735e-17,
        "e22": -1,
        "e23": 0.00015342236,
        "e30": 0,
        "e31": 0,
        "e32": 0,
        "e33": 1
      },
      {
        "e00": 0.8938163,
        "e01": -0.44843337,
        "e02": 2.8208204e-16,
        "e03": -189.8729,
        "e10": -0.44843337,
        "e11": -0.89381623,
        "e12": 2.2737367e-15,
        "e13": -76.85243,
        "e20": -5.684342e-16,
        "e21": 0,
        "e22": -1,
        "e23": 0.00015748372,
        "e30": 0,
        "e31": 0,
        "e32": 0,
        "e33": 1
      },
      {
        "e00": 0.8254237,
        "e01": 0.5645143,
        "e02": 0,
        "e03": -131.9632,
        "e10": 0.5645143,
        "e11": -0.8254238,
        "e12": -1.1368684e-15,
        "e13": -396.76254,
        "e20": 1.7053025e-15,
        "e21": 0,
        "e22": -1,
        "e23": 0.00015342236,
        "e30": 0,
        "e31": 0,
        "e32": 0,
        "e33": 1
      },
      {
        "e00": 9.487623e-08,
        "e01": 0.9999996,
        "e02": 0,
        "e03": 172.72589,
        "e10": 0.9999996,
        "e11": -9.487623e-08,
        "e12": 0,
        "e13": -450.2838,
        "e20": 0,
        "e21": 0,
        "e22": -1,
        "e23": 0.00015342237,
        "e30": 0,
        "e31": 0,
        "e32": 0,
        "e33": 1
      },
      {
        "e00": -0.8700221,
        "e01": 0.4930126,
        "e02": 5.684342e-16,
        "e03": 418.37866,
        "e10": -0.49301258,
        "e11": -0.8700222,
        "e12": -2.2737367e-15,
        "e13": 175.01614,
        "e20": 5.684342e-16,
        "e21": 1.1368684e-15,
        "e22": 1,
        "e23": -0.00015342236,
        "e30": 0,
        "e31": 0,
        "e32": 0,
        "e33": 1
      },
      {
        "e00": 4.9994523e-15,
        "e01": 0.6889069,
        "e02": -0.7248498,
        "e03": 161.15854,
        "e10": -4.2956672e-16,
        "e11": 0.72485,
        "e12": 0.68890685,
        "e13": 64.35683,
        "e20": 1,
        "e21": -9.608565e-16,
        "e22": 2.2737367e-15,
        "e23": 0.00011737425,
        "e30": 0,
        "e31": 0,
        "e32": 0,
        "e33": 1
      },
      {
        "e00": 4.521605e-16,
        "e01": 0.029748725,
        "e02": -0.9995571,
        "e03": 169.31029,
        "e10": -2.6145445e-17,
        "e11": 0.9995571,
        "e12": 0.029748725,
        "e13": 237.97011,
        "e20": 1,
        "e21": -1.847411e-15,
        "e22": 0,
        "e23": 0.00011801719,
        "e30": 0,
        "e31": 0,
        "e32": 0,
        "e33": 1
      },
      {
        "e00": 3.0292214e-16,
        "e01": 0.10805922,
        "e02": -0.9941448,
        "e03": 311.63513,
        "e10": -9.471266e-17,
        "e11": 0.9941448,
        "e12": 0.10805922,
        "e13": 214.1865,
        "e20": 1,
        "e21": -1.6648018e-16,
        "e22": 2.2737367e-15,
        "e23": 0.0001180172,
        "e30": 0,
        "e31": 0,
        "e32": 0,
        "e33": 1
      },
      {
        "e00": 0,
        "e01": -0.6889069,
        "e02": -0.72484994,
        "e03": -181.52701,
        "e10": 0,
        "e11": -0.72484994,
        "e12": 0.68890685,
        "e13": -44.998184,
        "e20": -1,
        "e21": -6.6624744e-15,
        "e22": 0,
        "e23": -0.00011737425,
        "e30": 0,
        "e31": 0,
        "e32": 0,
        "e33": 1
      },
      {
        "e00": 0,
        "e01": -0.029748725,
        "e02": -0.9995571,
        "e03": -197.39845,
        "e10": 1.1368684e-15,
        "e11": -0.9995572,
        "e12": 0.029748725,
        "e13": -237.13417,
        "e20": -1,
        "e21": 6.831423e-15,
        "e22": 0,
        "e23": -0.00011801719,
        "e30": 0,
        "e31": 0,
        "e32": 0,
        "e33": 1
      },
      {
        "e00": 0,
        "e01": -0.10805921,
        "e02": -0.9941448,
        "e03": -339.57098,
        "e10": 0,
        "e11": -0.9941448,
        "e12": 0.10805922,
        "e13": -211.14992,
        "e20": -1,
        "e21": 9.723409e-15,
        "e22": 0,
        "e23": -0.0001180172,
        "e30": 0,
        "e31": 0,
        "e32": 0,
        "e33": 1
      },
      {
        "e00": -0.47271225,
        "e01": 0.74521226,
        "e02": -0.4703208,
        "e03": 188.05907,
        "e10": 0.39438432,
        "e11": 0.6561913,
        "e12": 0.6433302,
        "e13": 26.605682,
        "e20": 0.7880381,
        "e21": 0.118622966,
        "e22": -0.6040898,
        "e23": 12.9886265,
        "e30": 0,
        "e31": 0,
        "e32": 0,
        "e33": 1
      },
      {
        "e00": -0.61525106,
        "e01": 0.117495485,
        "e02": -0.7795264,
        "e03": 245.08932,
        "e10": -0.02149146,
        "e11": 0.9859638,
        "e12": 0.16557355,
        "e13": 227.55013,
        "e20": 0.7880383,
        "e21": 0.11862237,
        "e22": -0.6040896,
        "e23": 12.988424,
        "e30": 0,
        "e31": 0,
        "e32": 0,
        "e33": 1
      },
      {
        "e00": -0.6150415,
        "e01": 0.19446887,
        "e02": -0.7641375,
        "e03": 425.99805,
        "e10": 0.026831884,
        "e11": 0.97370964,
        "e12": 0.22620735,
        "e13": 180.7075,
        "e20": 0.78803813,
        "e21": 0.1186236,
        "e22": -0.6040896,
        "e23": 12.988794,
        "e30": 0,
        "e31": 0,
        "e32": 0,
        "e33": 1
      },
      {
        "e00": 0.47271225,
        "e01": -0.74521226,
        "e02": -0.4703208,
        "e03": -201.27522,
        "e10": -0.39438432,
        "e11": -0.6561913,
        "e12": 0.6433302,
        "e13": -8.527634,
        "e20": -0.7880381,
        "e21": -0.118622966,
        "e22": -0.6040898,
        "e23": -29.96378,
        "e30": 0,
        "e31": 0,
        "e32": 0,
        "e33": 1
      },
      {
        "e00": 0.61525106,
        "e01": -0.117495485,
        "e02": -0.7795264,
        "e03": -266.99426,
        "e10": 0.02149146,
        "e11": -0.9859638,
        "e12": 0.16557355,
        "e13": -222.89752,
        "e20": -0.7880383,
        "e21": -0.11862237,
        "e22": -0.6040896,
        "e23": -29.963749,
        "e30": 0,
        "e31": 0,
        "e32": 0,
        "e33": 1
      },
      {
        "e00": 0.6150415,
        "e01": -0.1944689,
        "e02": -0.7641375,
        "e03": -447.47092,
        "e10": -0.026831878,
        "e11": -0.97370964,
        "e12": 0.22620735,
        "e13": -174.35097,
        "e20": -0.78803813,
        "e21": -0.118623614,
        "e22": -0.6040896,
        "e23": -29.963905,
        "e30": 0,
        "e31": 0,
        "e32": 0,
        "e33": 1
      },
      {
        "e00": 0.47271228,
        "e01": 0.74521226,
        "e02": 0.4703208,
        "e03": 200.02635,
        "e10": -0.39438432,
        "e11": 0.6561914,
        "e12": -0.6433303,
        "e13": 9.569504,
        "e20": -0.7880381,
        "e21": 0.11862296,
        "e22": 0.6040898,
        "e23": 32.0456,
        "e30": 0,
        "e31": 0,
        "e32": 0,
        "e33": 1
      },
      {
        "e00": 0.615251,
        "e01": 0.11749552,
        "e02": 0.77952635,
        "e03": 265.3689,
        "e10": 0.021491464,
        "e11": 0.9859639,
        "e12": -0.16557355,
        "e13": 222.84071,
        "e20": -0.78803825,
        "e21": 0.11862235,
        "e22": 0.6040896,
        "e23": 32.045544,
        "e30": 0,
        "e31": 0,
        "e32": 0,
        "e33": 1
      },
      {
        "e00": 0.6150414,
        "e01": 0.19446887,
        "e02": 0.7641375,
        "e03": 445.84613,
        "e10": -0.026831888,
        "e11": 0.97370946,
        "e12": -0.22620732,
        "e13": 174.42184,
        "e20": -0.7880381,
        "e21": 0.118623585,
        "e22": 0.60408956,
        "e23": 32.045692,
        "e30": 0,
        "e31": 0,
        "e32": 0,
        "e33": 1
      },
      {
        "e00": -0.4727123,
        "e01": -0.7452123,
        "e02": 0.47032088,
        "e03": -186.81015,
        "e10": 0.39438438,
        "e11": -0.6561913,
        "e12": -0.6433302,
        "e13": -27.6474,
        "e20": 0.7880381,
        "e21": -0.118622966,
        "e22": 0.60408986,
        "e23": -15.070383,
        "e30": 0,
        "e31": 0,
        "e32": 0,
        "e33": 1
      },
      {
        "e00": -0.615251,
        "e01": -0.117495514,
        "e02": 0.77952635,
        "e03": -243.46384,
        "e10": -0.021491451,
        "e11": -0.9859639,
        "e12": -0.16557354,
        "e13": -227.49341,
        "e20": 0.78803825,
        "e21": -0.118622325,
        "e22": 0.60408956,
        "e23": -15.070343,
        "e30": 0,
        "e31": 0,
        "e32": 0,
        "e33": 1
      },
      {
        "e00": -0.61504143,
        "e01": -0.1944689,
        "e02": 0.7641375,
        "e03": -424.37354,
        "e10": 0.026831899,
        "e11": -0.97370964,
        "e12": -0.22620732,
        "e13": -180.77837,
        "e20": 0.78803813,
        "e21": -0.11862357,
        "e22": 0.6040896,
        "e23": -15.070471,
        "e30": 0,
        "e31": 0,
        "e32": 0,
        "e33": 1
      }
    ],
    "m_BoneNameHashes": "5bf9f416b7dc82d5d94a9fd3124ddff75eca4152f65375a66506c55ba886fa4f32b38d776c758b88862f1584a1db0f932f578f87daf72dc63ab3593538b9013906b67e8d27b258569625630eeff8892f4767832f107d83e673fecce943a2ef4bb67561e82bf2b455209fe0b18ad32258441de7ee245a8cd52cdbc0561c119f52",
    "m_RootBoneNameHash": 385153371,
    "m_BonesAABB": [
      {
        "m_Min": {
          "x": "Infinity",
          "y": "Infinity",
          "z": "Infinity"
        },
        "m_Max": {
          "x": "-Infinity",
          "y": "-Infinity",
          "z": "-Infinity"
        }
      },
      {
        "m_Min": {
          "x": -313.87006,
          "y": -339.52985,
          "z": -272.75714
        },
        "m_Max": {
          "x": 107.40245,
          "y": 345.1856,
          "z": 300.57153
        }
      },
      {
        "m_Min": {
          "x": -293.3911,
          "y": -344.82996,
          "z": -310.76007
        },
        "m_Max": {
          "x": 222.28781,
          "y": 339.8994,
          "z": 277.99255
        }
      },
      {
        "m_Min": {
          "x": -94.107735,
          "y": -75.79399,
          "z": -233.74136
        },
        "m_Max": {
          "x": 91.20223,
          "y": -16.513245,
          "z": -159.59344
        }
      },
      {
        "m_Min": {
          "x": -42.72284,
          "y": -55.694298,
          "z": -76.8479
        },
        "m_Max": {
          "x": -16.061127,
          "y": 70.257065,
          "z": 71.54916
        }
      },
      {
        "m_Min": {
          "x": "Infinity",
          "y": "Infinity",
          "z": "Infinity"
        },
        "m_Max": {
          "x": "-Infinity",
          "y": "-Infinity",
          "z": "-Infinity"
        }
      },
      {
        "m_Min": {
          "x": -326.66605,
          "y": -89.625626,
          "z": -82.78134
        },
        "m_Max": {
          "x": 69.073975,
          "y": 126.47684,
          "z": 82.765434
        }
      },
      {
        "m_Min": {
          "x": -234.00464,
          "y": -58.899506,
          "z": -58.918163
        },
        "m_Max": {
          "x": -41.391632,
          "y": 108.19678,
          "z": 58.944706
        }
      },
      {
        "m_Min": {
          "x": -181.10281,
          "y": -42.039124,
          "z": -39.94322
        },
        "m_Max": {
          "x": -62.170815,
          "y": 99.22107,
          "z": 39.98761
        }
      },
      {
        "m_Min": {
          "x": -114.209045,
          "y": -14.09433,
          "z": -29.637575
        },
        "m_Max": {
          "x": -50.068848,
          "y": 30.91977,
          "z": 29.643583
        }
      },
      {
        "m_Min": {
          "x": -71.43544,
          "y": -125.29227,
          "z": -82.76544
        },
        "m_Max": {
          "x": 324.30453,
          "y": 90.81035,
          "z": 82.78133
        }
      },
      {
        "m_Min": {
          "x": 39.210953,
          "y": -109.687805,
          "z": -58.94473
        },
        "m_Max": {
          "x": 231.82376,
          "y": 57.407776,
          "z": 58.918186
        }
      },
      {
        "m_Min": {
          "x": 62.170647,
          "y": -101.8656,
          "z": -39.98761
        },
        "m_Max": {
          "x": 181.10297,
          "y": 39.39569,
          "z": 39.94322
        }
      },
      {
        "m_Min": {
          "x": 52.36911,
          "y": -29.615967,
          "z": -29.643583
        },
        "m_Max": {
          "x": 116.50964,
          "y": 15.398178,
          "z": 29.637598
        }
      },
      {
        "m_Min": {
          "x": -274.03738,
          "y": -61.233025,
          "z": -70.24373
        },
        "m_Max": {
          "x": 18.545471,
          "y": 119.16501,
          "z": 70.229965
        }
      },
      {
        "m_Min": {
          "x": -229.77534,
          "y": -58.490463,
          "z": -56.685307
        },
        "m_Max": {
          "x": 50.556404,
          "y": 69.2726,
          "z": 56.677864
        }
      },
      {
        "m_Min": {
          "x": -100.268555,
          "y": -9.090347,
          "z": -45.7397
        },
        "m_Max": {
          "x": -16.63736,
          "y": 75.6904,
          "z": 49.398994
        }
      },
      {
        "m_Min": {
          "x": -38.913574,
          "y": -88.43559,
          "z": -70.229965
        },
        "m_Max": {
          "x": 253.6698,
          "y": 80.59177,
          "z": 70.24373
        }
      },
      {
        "m_Min": {
          "x": 43.523758,
          "y": -68.43622,
          "z": -54.804657
        },
        "m_Max": {
          "x": 197.50359,
          "y": 59.327194,
          "z": 54.811287
        }
      },
      {
        "m_Min": {
          "x": -11.297943,
          "y": -72.65343,
          "z": -49.398994
        },
        "m_Max": {
          "x": 72.332794,
          "y": 12.12767,
          "z": 45.7397
        }
      },
      {
        "m_Min": {
          "x": -304.47424,
          "y": -82.59597,
          "z": -90.80857
        },
        "m_Max": {
          "x": 41.423126,
          "y": 154.62561,
          "z": 77.67016
        }
      },
      {
        "m_Min": {
          "x": -249.87515,
          "y": -65.58351,
          "z": -86.25628
        },
        "m_Max": {
          "x": 10.552063,
          "y": 105.23662,
          "z": 66.12567
        }
      },
      {
        "m_Min": {
          "x": -78.39691,
          "y": 11.409897,
          "z": -51.448616
        },
        "m_Max": {
          "x": 22.104034,
          "y": 96.69719,
          "z": 58.382988
        }
      },
      {
        "m_Min": {
          "x": -54.63887,
          "y": -142.7568,
          "z": -94.64552
        },
        "m_Max": {
          "x": 291.25806,
          "y": 93.638794,
          "z": 73.83322
        }
      },
      {
        "m_Min": {
          "x": 70.656555,
          "y": -100.58374,
          "z": -75.358505
        },
        "m_Max": {
          "x": 227.96967,
          "y": 70.23624,
          "z": 56.457058
        }
      },
      {
        "m_Min": {
          "x": -43.4263,
          "y": -90.34033,
          "z": -75.358315
        },
        "m_Max": {
          "x": 56.923553,
          "y": -5.0530396,
          "z": 34.473274
        }
      },
      {
        "m_Min": {
          "x": -292.5072,
          "y": -92.597595,
          "z": -71.7512
        },
        "m_Max": {
          "x": 53.39009,
          "y": 143.79884,
          "z": 96.72753
        }
      },
      {
        "m_Min": {
          "x": -229.59564,
          "y": -70.293076,
          "z": -54.375034
        },
        "m_Max": {
          "x": -72.28223,
          "y": 100.52669,
          "z": 77.44052
        }
      },
      {
        "m_Min": {
          "x": -58.54895,
          "y": 5.1237793,
          "z": -32.391243
        },
        "m_Max": {
          "x": 41.80121,
          "y": 90.41106,
          "z": 77.440315
        }
      },
      {
        "m_Min": {
          "x": -40.173706,
          "y": -155.66742,
          "z": -79.75214
        },
        "m_Max": {
          "x": 305.72336,
          "y": 81.55377,
          "z": 88.72663
        }
      },
      {
        "m_Min": {
          "x": -8.925964,
          "y": -105.17984,
          "z": -68.20773
        },
        "m_Max": {
          "x": 251.50085,
          "y": 65.64023,
          "z": 84.17418
        }
      },
      {
        "m_Min": {
          "x": -20.47937,
          "y": -96.768005,
          "z": -60.464943
        },
        "m_Max": {
          "x": 80.02167,
          "y": -11.480743,
          "z": 49.36666
        }
      }
    ],
    "m_VariableBoneCountWeights": {
      "m_Data": null
    },
    "m_MeshCompression": 0,
    "m_IsReadable": 0,
    "m_KeepVertices": 0,
    "m_KeepIndices": 0,
    "m_IndexFormat": 0,
