{
  "Mesh": {
    "serializedVersion": 11,
    "m_ObjectHideFlags": 0,
    "m_CorrespondingSourceObject": {
      "fileID": 0
    },
    "m_PrefabInstance": {
      "fileID": 0
    },
    "m_PrefabAsset": {
      "fileID": 0
    },
    "m_Name": "tako_mesh",
    "m_SubMeshes": [
      {
        "serializedVersion": 2,
        "firstByte": 0,
        "indexCount": 8508,
        "topology": 0,
        "baseVertex": 0,
        "firstVertex": 0,
        "vertexCount": 1824,
        "localAABB": {
          "m_Center": {
            "x": 0.00012207031,
            "y": 330.76685,
            "z": -0.00015258789
          },
          "m_Extent": {
            "x": 489.6797,
            "y": 314.24866,
            "z": 393.5814
          }
        }
      },
      {
        "serializedVersion": 2,
        "firstByte": 17016,
        "indexCount": 2400,
        "topology": 0,
        "baseVertex": 0,
        "firstVertex": 1824,
        "vertexCount": 500,
        "localAABB": {
          "m_Center": {
            "x": 0,
            "y": 464.63293,
            "z": 201.60126
          },
          "m_Extent": {
            "x": 184.54292,
            "y": 28.01947,
            "z": 20.079048
          }
        }
      },
      {
        "serializedVersion": 2,
        "firstByte": 21816,
        "indexCount": 2016,
        "topology": 0,
        "baseVertex": 0,
        "firstVertex": 2324,
        "vertexCount": 522,
        "localAABB": {
          "m_Center": {
            "x": -3.8146973e-05,
            "y": 541.5261,
            "z": -272.87894
          },
          "m_Extent": {
            "x": 198.203,
            "y": 303.86316,
            "z": 301.1888
          }
        }
      }
    ],
    "m_Shapes": {
      "vertices": [],
      "shapes": [],
      "channels": [],
      "fullWeights": []
    },
    "m_BindPose": [
      {
        "e00": -0.0061055706,
        "e01": -0.9999813,
        "e02": -8.0990895e-26,
        "e03": 0,
        "e10": -0.9999813,
        "e11": 0.006105571,
        "e12": 1.2246467e-16,
        "e13": 0,
        "e20": -1.2246238e-16,
        "e21": 7.477168e-19,
        "e22": -1,
        "e23": 0,
        "e30": 0,
        "e31": 0,
        "e32": 0,
        "e33": 1
      },
      {
        "e00": -0.007999748,
        "e01": -0.9999683,
        "e02": 2.319748e-19,
        "e03": 221.96878,
        "e10": -0.9999683,
        "e11": 0.007999748,
        "e12": 1.2246471e-16,
        "e13": -0.45461252,
        "e20": -1.2246261e-16,
        "e21": 7.477188e-19,
        "e22": -1,
        "e23": -14.0503645,
        "e30": 0,
        "e31": 0,
        "e32": 0,
        "e33": 1
      },
      {
        "e00": 0.004784634,
        "e01": -0.99998856,
        "e02": 0,
        "e03": 381.94327,
        "e10": 0.99998856,
        "e11": 0.004784634,
        "e12": 2.287618e-11,
        "e13": -4.428564,
        "e20": -3.7252902e-11,
        "e21": 0,
        "e22": 1,
        "e23": 14.050365,
        "e30": 0,
        "e31": 0,
        "e32": 0,
        "e33": 1
      },
      {
        "e00": 0.9999996,
        "e01": -4.6566128e-12,
        "e02": 3.7252902e-11,
        "e03": -1.4527442,
        "e10": 4.6566128e-12,
        "e11": 0.9999996,
        "e12": 0,
        "e13": -621.95703,
        "e20": 3.7252902e-11,
        "e21": 9.536743e-09,
        "e22": 1,
        "e23": 14.050362,
        "e30": 0,
        "e31": 0,
        "e32": 0,
        "e33": 1
      },
      {
        "e00": -3.7252902e-11,
        "e01": -0.18540794,
        "e02": -0.98266166,
        "e03": 284.49933,
        "e10": -4.6566128e-12,
        "e11": 0.9826612,
        "e12": -0.18540785,
        "e13": -356.62427,
        "e20": 0.9999997,
        "e21": 4.6566128e-12,
        "e22": 0,
        "e23": -2.6493752,
        "e30": 0,
        "e31": 0,
        "e32": 0,
        "e33": 1
      },
      {
        "e00": 1,
        "e01": -9.3132255e-12,
        "e02": 0,
        "e03": -2.6493757,
        "e10": -9.3132255e-12,
        "e11": 0.9999997,
        "e12": -8.5830685e-08,
        "e13": -417.9634,
        "e20": 0,
        "e21": 9.5367426e-08,
        "e22": 0.9999997,
        "e23": -260.76935,
        "e30": 0,
        "e31": 0,
        "e32": 0,
        "e33": 1
      },
      {
        "e00": 0.8938161,
        "e01": 0.44843334,
        "e02": -1.09123566e-16,
        "e03": 33.936172,
        "e10": -0.4484334,
        "e11": 0.89381623,
        "e12": -6.6880113e-17,
        "e13": -228.06871,
        "e20": 6.754515e-17,
        "e21": 1.08713205e-16,
        "e22": 1,
        "e23": -4.0613672e-06,
        "e30": 0,
        "e31": 0,
        "e32": 0,
        "e33": 1
      },
      {
        "e00": 0.8254237,
        "e01": -0.5645143,
        "e02": 5.616777e-18,
        "e03": 323.1121,
        "e10": 0.5645143,
        "e11": 0.8254237,
        "e12": -1.2786467e-16,
        "e13": 112.587555,
        "e20": 6.754515e-17,
        "e21": 1.0871317e-16,
        "e22": 1,
        "e23": 1.2581106e-14,
        "e30": 0,
        "e31": 0,
        "e32": 0,
        "e33": 1
      },
      {
        "e00": 9.487622e-08,
        "e01": -0.9999996,
        "e02": 1.0871317e-16,
        "e03": 169.74509,
        "e10": 0.9999996,
        "e11": 9.48762e-08,
        "e12": -6.7545134e-17,
        "e13": 447.64023,
        "e20": 6.7545134e-17,
        "e21": 1.08713205e-16,
        "e22": 1,
        "e23": 1.1782411e-14,
        "e30": 0,
        "e31": 0,
        "e32": 0,
        "e33": 1
      },
      {
        "e00": -0.8700221,
        "e01": -0.4930126,
        "e02": 1.1236276e-16,
        "e03": -247.23634,
        "e10": -0.49301258,
        "e11": 0.8700222,
        "e12": 1.2246466e-16,
        "e13": -471.67004,
        "e20": -1.5813467e-16,
        "e21": 5.1150735e-17,
        "e22": -1,
        "e23": -8.554307e-14,
        "e30": 0,
        "e31": 0,
        "e32": 0,
        "e33": 1
      },
      {
        "e00": 0.8938163,
        "e01": -0.44843337,
        "e02": 2.8208204e-16,
        "e03": -36.297657,
        "e10": -0.44843337,
        "e11": -0.89381623,
        "e12": 2.2737367e-15,
        "e13": 229.25357,
        "e20": -5.684342e-16,
        "e21": 0,
        "e22": -1,
        "e23": 4.0613672e-06,
        "e30": 0,
        "e31": 0,
        "e32": 0,
        "e33": 1
      },
      {
        "e00": 0.8254237,
        "e01": 0.5645143,
        "e02": 0,
        "e03": -325.29297,
        "e10": 0.5645143,
        "e11": -0.8254238,
        "e12": -1.1368684e-15,
        "e13": -114.07904,
        "e20": 1.7053025e-15,
        "e21": 0,
        "e22": -1,
        "e23": -4.5474735e-13,
        "e30": 0,
        "e31": 0,
        "e32": 0,
        "e33": 1
      },
      {
        "e00": 9.487623e-08,
        "e01": 0.9999996,
        "e02": 0,
        "e03": -169.74478,
        "e10": 0.9999996,
        "e11": -9.487623e-08,
        "e12": 0,
        "e13": -450.28387,
        "e20": 0,
        "e21": 0,
        "e22": -1,
        "e23": -4.5474735e-13,
        "e30": 0,
        "e31": 0,
        "e32": 0,
        "e33": 1
      },
      {
        "e00": -0.8700221,
        "e01": 0.4930126,
        "e02": 5.684342e-16,
        "e03": 249.53636,
        "e10": -0.49301258,
        "e11": -0.8700222,
        "e12": -2.2737367e-15,
        "e13": 472.9734,
        "e20": 5.684342e-16,
        "e21": 1.1368684e-15,
        "e22": 1,
        "e23": -4.5474735e-13,
        "e30": 0,
        "e31": 0,
        "e32": 0,
        "e33": 1
      },
      {
        "e00": 4.9994523e-15,
        "e01": 0.6889069,
        "e02": -0.7248498,
        "e03": -74.77212,
        "e10": -4.2956672e-16,
        "e11": 0.72485,
        "e12": 0.68890685,
        "e13": -183.88301,
        "e20": 1,
        "e21": -9.608565e-16,
        "e22": 2.2737367e-15,
        "e23": -6.429509e-07,
        "e30": 0,
        "e31": 0,
        "e32": 0,
        "e33": 1
      },
      {
        "e00": 4.521605e-16,
        "e01": 0.029748725,
        "e02": -0.9995571,
        "e03": 159.12209,
        "e10": -2.6145445e-17,
        "e11": 0.9995571,
        "e12": 0.029748725,
        "e13": -104.34906,
        "e20": 1,
        "e21": -1.847411e-15,
        "e22": 0,
        "e23": 4.5474735e-13,
        "e30": 0,
        "e31": 0,
        "e32": 0,
        "e33": 1
      },
      {
        "e00": 3.0292214e-16,
        "e01": 0.10805922,
        "e02": -0.9941448,
        "e03": 274.62784,
        "e10": -9.471266e-17,
        "e11": 0.9941448,
        "e12": 0.10805922,
        "e13": -126.279106,
        "e20": 1,
        "e21": -1.6648018e-16,
        "e22": 2.2737367e-15,
        "e23": 0,
        "e30": 0,
        "e31": 0,
        "e32": 0,
        "e33": 1
      },
      {
        "e00": 0,
        "e01": -0.6889069,
        "e02": -0.72484994,
        "e03": 54.40341,
        "e10": 0,
        "e11": -0.72484994,
        "e12": 0.68890685,
        "e13": 203.24184,
        "e20": -1,
        "e21": -6.6624744e-15,
        "e22": 0,
        "e23": 6.4295e-07,
        "e30": 0,
        "e31": 0,
        "e32": 0,
        "e33": 1
      },
      {
        "e00": 0,
        "e01": -0.029748725,
        "e02": -0.9995571,
        "e03": -187.21053,
        "e10": 1.1368684e-15,
        "e11": -0.9995572,
        "e12": 0.029748725,
        "e13": 105.18499,
        "e20": -1,
        "e21": 6.831423e-15,
        "e22": 0,
        "e23": 0,
        "e30": 0,
        "e31": 0,
        "e32": 0,
        "e33": 1
      },
      {
        "e00": 0,
        "e01": -0.10805921,
        "e02": -0.9941448,
        "e03": -302.56403,
        "e10": 0,
        "e11": -0.9941448,
        "e12": 0.10805922,
        "e13": 129.31569,
        "e20": -1,
        "e21": 9.723409e-15,
        "e22": 0,
        "e23": 2.728484e-12,
        "e30": 0,
        "e31": 0,
        "e32": 0,
        "e33": 1
      },
      {
        "e00": -0.47271225,
        "e01": 0.74521226,
        "e02": -0.4703208,
        "e03": -67.15442,
        "e10": 0.39438432,
        "e11": 0.6561913,
        "e12": 0.6433302,
        "e13": -198.12065,
        "e20": 0.7880381,
        "e21": 0.118622966,
        "e22": -0.6040898,
        "e23": -27.636465,
        "e30": 0,
        "e31": 0,
        "e32": 0,
        "e33": 1
      },
      {
        "e00": -0.61525106,
        "e01": 0.117495485,
        "e02": -0.7795264,
        "e03": 204.8505,
        "e10": -0.02149146,
        "e11": 0.9859638,
        "e12": 0.16557355,
        "e13": -110.113716,
        "e20": 0.7880383,
        "e21": 0.11862237,
        "e22": -0.6040896,
        "e23": -27.636492,
        "e30": 0,
        "e31": 0,
        "e32": 0,
        "e33": 1
      },
      {
        "e00": -0.6150415,
        "e01": 0.19446887,
        "e02": -0.7641375,
        "e03": 359.39807,
        "e10": 0.026831884,
        "e11": 0.97370964,
        "e12": 0.22620735,
        "e13": -152.7596,
        "e20": 0.78803813,
        "e21": 0.1186236,
        "e22": -0.6040896,
        "e23": -27.63654,
        "e30": 0,
        "e31": 0,
        "e32": 0,
        "e33": 1
      },
      {
        "e00": 0.47271225,
        "e01": -0.74521226,
        "e02": -0.4703208,
        "e03": 53.938156,
        "e10": -0.39438432,
        "e11": -0.6561913,
        "e12": 0.6433302,
        "e13": 216.19893,
        "e20": -0.7880381,
        "e21": -0.118622966,
        "e22": -0.6040898,
        "e23": 10.661129,
        "e30": 0,
        "e31": 0,
        "e32": 0,
        "e33": 1
      },
      {
        "e00": 0.61525106,
        "e01": -0.117495485,
        "e02": -0.7795264,
        "e03": -226.7557,
        "e10": 0.02149146,
        "e11": -0.9859638,
        "e12": 0.16557355,
        "e13": 114.76638,
        "e20": -0.7880383,
        "e21": -0.11862237,
        "e22": -0.6040896,
        "e23": 10.660954,
        "e30": 0,
        "e31": 0,
        "e32": 0,
        "e33": 1
      },
      {
        "e00": 0.6150415,
        "e01": -0.1944689,
        "e02": -0.7641375,
        "e03": -380.87122,
        "e10": -0.026831878,
        "e11": -0.97370964,
        "e12": 0.22620735,
        "e13": 159.11623,
        "e20": -0.78803813,
        "e21": -0.118623614,
        "e22": -0.6040896,
        "e23": 10.661241,
        "e30": 0,
        "e31": 0,
        "e32": 0,
        "e33": 1
      },
      {
        "e00": 0.47271228,
        "e01": 0.74521226,
        "e02": 0.4703208,
        "e03": -55.187084,
        "e10": -0.39438432,
        "e11": 0.6561914,
        "e12": -0.6433303,
        "e13": -215.15692,
        "e20": -0.7880381,
        "e21": 0.11862296,
        "e22": 0.6040898,
        "e23": -8.579124,
        "e30": 0,
        "e31": 0,
        "e32": 0,
        "e33": 1
      },
      {
        "e00": 0.615251,
        "e01": 0.11749552,
        "e02": 0.77952635,
        "e03": 225.13016,
        "e10": 0.021491464,
        "e11": 0.9859639,
        "e12": -0.16557355,
        "e13": -114.82315,
        "e20": -0.78803825,
        "e21": 0.11862235,
        "e22": 0.6040896,
        "e23": -8.578969,
        "e30": 0,
        "e31": 0,
        "e32": 0,
        "e33": 1
      },
      {
        "e00": 0.6150414,
        "e01": 0.19446887,
        "e02": 0.7641375,
        "e03": 379.24628,
        "e10": -0.026831888,
        "e11": 0.97370946,
        "e12": -0.22620732,
        "e13": -159.04532,
        "e20": -0.7880381,
        "e21": 0.118623585,
        "e22": 0.60408956,
        "e23": -8.579227,
        "e30": 0,
        "e31": 0,
        "e32": 0,
        "e33": 1
      },
      {
        "e00": -0.4727123,
        "e01": -0.7452123,
        "e02": 0.47032088,
        "e03": 68.40347,
        "e10": 0.39438438,
        "e11": -0.6561913,
        "e12": -0.6433302,
        "e13": 197.07884,
        "e20": 0.7880381,
        "e21": -0.118622966,
        "e22": 0.60408986,
        "e23": 25.554516,
        "e30": 0,
        "e31": 0,
        "e32": 0,
        "e33": 1
      },
      {
        "e00": -0.615251,
        "e01": -0.117495514,
        "e02": 0.77952635,
        "e03": -203.22487,
        "e10": -0.021491451,
        "e11": -0.9859639,
        "e12": -0.16557354,
        "e13": 110.170425,
        "e20": 0.78803825,
        "e21": -0.118622325,
        "e22": 0.60408956,
        "e23": 25.554352,
        "e30": 0,
        "e31": 0,
        "e32": 0,
        "e33": 1
      },
      {
        "e00": -0.61504143,
        "e01": -0.1944689,
        "e02": 0.7641375,
        "e03": -357.77338,
        "e10": 0.026831899,
        "e11": -0.97370964,
        "e12": -0.22620732,
        "e13": 152.68874,
        "e20": 0.78803813,
        "e21": -0.11862357,
        "e22": 0.6040896,
        "e23": 25.55463,
        "e30": 0,
        "e31": 0,
        "e32": 0,
        "e33": 1
      }
    ],
    "m_BoneNameHashes": "5bf9f416b7dc82d5d94a9fd3124ddff75eca4152f65375a66506c55ba886fa4f32b38d776c758b88862f1584a1db0f932f578f87daf72dc63ab3593538b9013906b67e8d27b258569625630eeff8892f4767832f107d83e673fecce943a2ef4bb67561e82bf2b455209fe0b18ad32258441de7ee245a8cd52cdbc0561c119f52",
    "m_RootBoneNameHash": 385153371,
    "m_BonesAABB": [
      {
        "m_Min": {
          "x": "Infinity",
          "y": "Infinity",
          "z": "Infinity"
        },
        "m_Max": {
          "x": "-Infinity",
          "y": "-Infinity",
          "z": "-Infinity"
        }
      },
      {
        "m_Min": {
          "x": -417.15024,
          "y": -312.5928,
          "z": -272.75714
        },
        "m_Max": {
          "x": 107.402504,
          "y": 317.92377,
          "z": 535.17487
        }
      },
      {
        "m_Min": {
          "x": -463.501,
          "y": -317.8271,
          "z": -560.0174
        },
        "m_Max": {
          "x": 222.28783,
          "y": 312.7023,
          "z": 312.3024
        }
      },
      {
        "m_Min": {
          "x": -158.14273,
          "y": -75.79401,
          "z": -475.48184
        },
        "m_Max": {
          "x": 155.2372,
          "y": 223.43188,
          "z": -159.59344
        }
      },
      {
        "m_Min": {
          "x": -42.72287,
          "y": -55.694336,
          "z": -76.8479
        },
        "m_Max": {
          "x": -16.061127,
          "y": 70.25705,
          "z": 71.54915
        }
      },
      {
        "m_Min": {
          "x": "Infinity",
          "y": "Infinity",
          "z": "Infinity"
        },
        "m_Max": {
          "x": "-Infinity",
          "y": "-Infinity",
          "z": "-Infinity"
        }
      },
      {
        "m_Min": {
          "x": -326.66608,
          "y": -89.62564,
          "z": -82.78134
        },
        "m_Max": {
          "x": 69.07396,
          "y": 126.47682,
          "z": 82.765434
        }
      },
      {
        "m_Min": {
          "x": -234.00467,
          "y": -58.899567,
          "z": -58.918167
        },
        "m_Max": {
          "x": -41.391632,
          "y": 108.19675,
          "z": 58.944702
        }
      },
      {
        "m_Min": {
          "x": -181.10281,
          "y": -42.039093,
          "z": -39.94322
        },
        "m_Max": {
          "x": -62.170822,
          "y": 99.22113,
          "z": 39.98761
        }
      },
      {
        "m_Min": {
          "x": -114.209045,
          "y": -14.094299,
          "z": -29.637575
        },
        "m_Max": {
          "x": -50.06877,
          "y": 30.9198,
          "z": 29.643583
        }
      },
      {
        "m_Min": {
          "x": -71.43544,
          "y": -125.29227,
          "z": -82.76544
        },
        "m_Max": {
          "x": 324.3045,
          "y": 90.81033,
          "z": 82.78133
        }
      },
      {
        "m_Min": {
          "x": 39.210938,
          "y": -109.68779,
          "z": -58.944725
        },
        "m_Max": {
          "x": 231.82373,
          "y": 57.407776,
          "z": 58.91819
        }
      },
      {
        "m_Min": {
          "x": 62.17067,
          "y": -101.86557,
          "z": -39.98761
        },
        "m_Max": {
          "x": 181.10297,
          "y": 39.39569,
          "z": 39.94322
        }
      },
      {
        "m_Min": {
          "x": 52.36917,
          "y": -29.615967,
          "z": -29.643583
        },
        "m_Max": {
          "x": 116.50964,
          "y": 15.398163,
          "z": 29.6376
        }
      },
      {
        "m_Min": {
          "x": -274.03738,
          "y": -61.233,
          "z": -70.24372
        },
        "m_Max": {
          "x": 18.545448,
          "y": 119.165085,
          "z": 70.22997
        }
      },
      {
        "m_Min": {
          "x": -229.77534,
          "y": -58.490494,
          "z": -56.685303
        },
        "m_Max": {
          "x": 50.556435,
          "y": 69.27255,
          "z": 56.677864
        }
      },
      {
        "m_Min": {
          "x": -100.268616,
          "y": -9.090401,
          "z": -45.7397
        },
        "m_Max": {
          "x": -16.63736,
          "y": 75.69038,
          "z": 49.398994
        }
      },
      {
        "m_Min": {
          "x": -38.91356,
          "y": -88.43562,
          "z": -70.22997
        },
        "m_Max": {
          "x": 253.6698,
          "y": 80.59173,
          "z": 70.24372
        }
      },
      {
        "m_Min": {
          "x": 43.523758,
          "y": -68.43624,
          "z": -54.804657
        },
        "m_Max": {
          "x": 197.50359,
          "y": 59.3272,
          "z": 54.811287
        }
      },
      {
        "m_Min": {
          "x": -11.297974,
          "y": -264.11395,
          "z": -60.57582
        },
        "m_Max": {
          "x": 242.46075,
          "y": 12.127701,
          "z": 45.7397
        }
      },
      {
        "m_Min": {
          "x": -304.47424,
          "y": -82.595985,
          "z": -90.80857
        },
        "m_Max": {
          "x": 41.423096,
          "y": 154.62556,
          "z": 77.67015
        }
      },
      {
        "m_Min": {
          "x": -249.87518,
          "y": -65.58356,
          "z": -86.25631
        },
        "m_Max": {
          "x": 10.552063,
          "y": 105.236595,
          "z": 66.12563
        }
      },
      {
        "m_Min": {
          "x": -78.39691,
          "y": 11.409897,
          "z": -51.448673
        },
        "m_Max": {
          "x": 22.104004,
          "y": 96.69722,
          "z": 58.382977
        }
      },
      {
        "m_Min": {
          "x": -54.63881,
          "y": -142.75679,
          "z": -94.64551
        },
        "m_Max": {
          "x": 291.25806,
          "y": 93.63884,
          "z": 73.83324
        }
      },
      {
        "m_Min": {
          "x": 70.656525,
          "y": -100.5837,
          "z": -75.35853
        },
        "m_Max": {
          "x": 227.96964,
          "y": 70.23626,
          "z": 56.457058
        }
      },
      {
        "m_Min": {
          "x": -43.42633,
          "y": -90.34032,
          "z": -75.35834
        },
        "m_Max": {
          "x": 56.923523,
          "y": -5.0530243,
          "z": 34.473297
        }
      },
      {
        "m_Min": {
          "x": -292.5072,
          "y": -92.59755,
          "z": -71.751205
        },
        "m_Max": {
          "x": 53.390095,
          "y": 143.79889,
          "z": 96.72752
        }
      },
      {
        "m_Min": {
          "x": -229.59564,
          "y": -70.293076,
          "z": -54.37505
        },
        "m_Max": {
          "x": -72.282196,
          "y": 100.52672,
          "z": 77.4405
        }
      },
      {
        "m_Min": {
          "x": -58.54895,
          "y": 5.123749,
          "z": -32.391254
        },
        "m_Max": {
          "x": 41.80127,
          "y": 90.41101,
          "z": 77.44035
        }
      },
      {
        "m_Min": {
          "x": -40.17369,
          "y": -155.66743,
          "z": -79.75214
        },
        "m_Max": {
          "x": 305.7234,
          "y": 81.55377,
          "z": 88.72662
        }
      },
      {
        "m_Min": {
          "x": -8.925964,
          "y": -105.179825,
          "z": -68.207726
        },
        "m_Max": {
          "x": 251.50087,
          "y": 65.640236,
          "z": 84.1742
        }
      },
      {
        "m_Min": {
          "x": -20.47934,
          "y": -96.768005,
          "z": -60.464962
        },
        "m_Max": {
          "x": 80.0217,
          "y": -11.480728,
          "z": 49.366673
        }
      }
    ],
    "m_VariableBoneCountWeights": {
      "m_Data": null
    },
    "m_MeshCompression": 0,
    "m_IsReadable": 0,
    "m_KeepVertices": 0,
    "m_KeepIndices": 0,
    "m_IndexFormat": 0,
