{
  "Mesh": {
    "serializedVersion": 11,
    "m_ObjectHideFlags": 0,
    "m_CorrespondingSourceObject": {
      "fileID": 0
    },
    "m_PrefabInstance": {
      "fileID": 0
    },
    "m_PrefabAsset": {
      "fileID": 0
    },
    "m_Name": "tako_mesh",
    "m_SubMeshes": [
      {
        "serializedVersion": 2,
        "firstByte": 0,
        "indexCount": 8124,
        "topology": 0,
        "baseVertex": 0,
        "firstVertex": 0,
        "vertexCount": 1722,
        "localAABB": {
          "m_Center": {
            "x": 0,
            "y": 330.76654,
            "z": -1.5258789e-05
          },
          "m_Extent": {
            "x": 489.67972,
            "y": 314.24817,
            "z": 393.5821
          }
        }
      },
      {
        "serializedVersion": 2,
        "firstByte": 16248,
        "indexCount": 2400,
        "topology": 0,
        "baseVertex": 0,
        "firstVertex": 1722,
        "vertexCount": 500,
        "localAABB": {
          "m_Center": {
            "x": 0,
            "y": 464.63232,
            "z": 201.60126
          },
          "m_Extent": {
            "x": 184.54276,
            "y": 28.019424,
            "z": 20.079048
          }
        }
      }
    ],
    "m_Shapes": {
      "vertices": [],
      "shapes": [],
      "channels": [],
      "fullWeights": []
    },
    "m_BindPose": [
      {
        "e00": -0.0061055706,
        "e01": -0.9999813,
        "e02": -8.0990895e-26,
        "e03": 0,
        "e10": -0.9999813,
        "e11": 0.006105571,
        "e12": 1.2246467e-16,
        "e13": 0,
        "e20": -1.2246238e-16,
        "e21": 7.477168e-19,
        "e22": -1,
        "e23": 0,
        "e30": 0,
        "e31": 0,
        "e32": 0,
        "e33": 1
      },
      {
        "e00": -0.007999745,
        "e01": -0.99996793,
        "e02": 2.3197469e-19,
        "e03": 221.96878,
        "e10": -0.99996793,
        "e11": 0.007999745,
        "e12": 1.2246467e-16,
        "e13": -0.45461252,
        "e20": -1.2246261e-16,
        "e21": 7.477188e-19,
        "e22": -1,
        "e23": -14.0503645,
        "e30": 0,
        "e31": 0,
        "e32": 0,
        "e33": 1
      },
      {
        "e00": 0.004784634,
        "e01": -0.99998856,
        "e02": 0,
        "e03": 381.94336,
        "e10": 0.99998856,
        "e11": 0.004784634,
        "e12": 2.287618e-11,
        "e13": -4.428564,
        "e20": -3.7252902e-11,
        "e21": 0,
        "e22": 1,
        "e23": 14.050373,
        "e30": 0,
        "e31": 0,
        "e32": 0,
        "e33": 1
      },
      {
        "e00": 1,
        "e01": 0,
        "e02": 3.7252902e-11,
        "e03": -1.4527423,
        "e10": 4.6566128e-12,
        "e11": 1,
        "e12": 0,
        "e13": -621.9574,
        "e20": 0,
        "e21": 0,
        "e22": 1,
        "e23": 14.050365,
        "e30": 0,
        "e31": 0,
        "e32": 0,
        "e33": 1
      },
      {
        "e00": 0,
        "e01": -0.18540786,
        "e02": -0.9826617,
        "e03": 284.49933,
        "e10": -4.6566128e-12,
        "e11": 0.98266166,
        "e12": -0.18540785,
        "e13": -356.6246,
        "e20": 1,
        "e21": 0,
        "e22": -3.7252902e-11,
        "e23": -2.649375,
        "e30": 0,
        "e31": 0,
        "e32": 0,
        "e33": 1
      },
      {
        "e00": 1,
        "e01": -9.3132255e-12,
        "e02": -7.4505804e-11,
        "e03": -2.6493745,
        "e10": -9.3132255e-12,
        "e11": 1,
        "e12": 9.536743e-09,
        "e13": -417.9637,
        "e20": 0,
        "e21": 9.536743e-09,
        "e22": 1,
        "e23": -260.76938,
        "e30": 0,
        "e31": 0,
        "e32": 0,
        "e33": 1
      },
      {
        "e00": 0.8938161,
        "e01": 0.44843334,
        "e02": -1.09123566e-16,
        "e03": 33.936123,
        "e10": -0.4484334,
        "e11": 0.89381623,
        "e12": -6.6880113e-17,
        "e13": -228.06879,
        "e20": 6.754515e-17,
        "e21": 1.08713205e-16,
        "e22": 1,
        "e23": -1.155004e-14,
        "e30": 0,
        "e31": 0,
        "e32": 0,
        "e33": 1
      },
      {
        "e00": 0.82542354,
        "e01": -0.56451386,
        "e02": 5.6167433e-18,
        "e03": 323.11188,
        "e10": 0.56451386,
        "e11": 0.82542354,
        "e12": -1.2786461e-16,
        "e13": 112.58758,
        "e20": 6.754515e-17,
        "e21": 1.087132e-16,
        "e22": 1,
        "e23": -1.155004e-14,
        "e30": 0,
        "e31": 0,
        "e32": 0,
        "e33": 1
      },
      {
        "e00": 1.2175919e-32,
        "e01": -1,
        "e02": 1.0871322e-16,
        "e03": 169.74496,
        "e10": 1,
        "e11": -9.094947e-15,
        "e12": -6.754515e-17,
        "e13": 447.64023,
        "e20": 6.7545134e-17,
        "e21": 1.08713205e-16,
        "e22": 1,
        "e23": -1.155004e-14,
        "e30": 0,
        "e31": 0,
        "e32": 0,
        "e33": 1
      },
      {
        "e00": -0.8700221,
        "e01": -0.4930126,
        "e02": 1.1236276e-16,
        "e03": -247.2361,
        "e10": -0.49301258,
        "e11": 0.8700222,
        "e12": 1.2246466e-16,
        "e13": -471.6701,
        "e20": -1.5813466e-16,
        "e21": 5.115075e-17,
        "e22": -1,
        "e23": -7.51179e-14,
        "e30": 0,
        "e31": 0,
        "e32": 0,
        "e33": 1
      },
      {
        "e00": 0.8938163,
        "e01": -0.44843337,
        "e02": 2.8208204e-16,
        "e03": -36.297607,
        "e10": -0.44843337,
        "e11": -0.89381623,
        "e12": 2.2737367e-15,
        "e13": 229.25366,
        "e20": -5.684342e-16,
        "e21": 0,
        "e22": -1,
        "e23": 4.5474735e-13,
        "e30": 0,
        "e31": 0,
        "e32": 0,
        "e33": 1
      },
      {
        "e00": 0.8254234,
        "e01": 0.5645138,
        "e02": 0,
        "e03": -325.29288,
        "e10": 0.5645138,
        "e11": -0.8254235,
        "e12": -1.1368684e-15,
        "e13": -114.07901,
        "e20": -5.684342e-16,
        "e21": 0,
        "e22": -1,
        "e23": -4.5474735e-13,
        "e30": 0,
        "e31": 0,
        "e32": 0,
        "e33": 1
      },
      {
        "e00": 1.7799859e-16,
        "e01": 1,
        "e02": 0,
        "e03": -169.7448,
        "e10": 1,
        "e11": 1.779986e-16,
        "e12": 0,
        "e13": -450.284,
        "e20": 5.684342e-16,
        "e21": 0,
        "e22": -1,
        "e23": -4.5474735e-13,
        "e30": 0,
        "e31": 0,
        "e32": 0,
        "e33": 1
      },
      {
        "e00": -0.8700221,
        "e01": 0.4930126,
        "e02": 5.684342e-16,
        "e03": 249.53636,
        "e10": -0.49301258,
        "e11": -0.8700222,
        "e12": -2.2737367e-15,
        "e13": 472.9734,
        "e20": 5.684342e-16,
        "e21": 1.1368684e-15,
        "e22": 1,
        "e23": -4.5474735e-13,
        "e30": 0,
        "e31": 0,
        "e32": 0,
        "e33": 1
      },
      {
        "e00": 4.9994523e-15,
        "e01": 0.6889069,
        "e02": -0.7248498,
        "e03": -74.77218,
        "e10": -4.2956672e-16,
        "e11": 0.72485,
        "e12": 0.68890685,
        "e13": -183.88307,
        "e20": 1,
        "e21": -9.608565e-16,
        "e22": 2.2737367e-15,
        "e23": -4.5474735e-13,
        "e30": 0,
        "e31": 0,
        "e32": 0,
        "e33": 1
      },
      {
        "e00": 4.521606e-16,
        "e01": 0.029748728,
        "e02": -0.9995574,
        "e03": 159.1222,
        "e10": -2.6145449e-17,
        "e11": 0.9995574,
        "e12": 0.029748728,
        "e13": -104.34898,
        "e20": 1,
        "e21": -1.4608371e-15,
        "e22": 0,
        "e23": -4.5474735e-13,
        "e30": 0,
        "e31": 0,
        "e32": 0,
        "e33": 1
      },
      {
        "e00": 3.0292196e-16,
        "e01": 0.10805918,
        "e02": -0.99414444,
        "e03": 274.6278,
        "e10": -9.471265e-17,
        "e11": 0.9941445,
        "e12": 0.10805918,
        "e13": -126.27897,
        "e20": 1,
        "e21": -1.6648018e-16,
        "e22": 0,
        "e23": 9.094947e-13,
        "e30": 0,
        "e31": 0,
        "e32": 0,
        "e33": 1
      },
      {
        "e00": 0,
        "e01": -0.6889069,
        "e02": -0.72484994,
        "e03": 54.40347,
        "e10": 0,
        "e11": -0.72484994,
        "e12": 0.68890685,
        "e13": 203.24191,
        "e20": -1,
        "e21": -6.6624744e-15,
        "e22": 0,
        "e23": 0,
        "e30": 0,
        "e31": 0,
        "e32": 0,
        "e33": 1
      },
      {
        "e00": 0,
        "e01": -0.029748728,
        "e02": -0.9995574,
        "e03": -187.21054,
        "e10": 1.1368684e-15,
        "e11": -0.9995573,
        "e12": 0.029748728,
        "e13": 105.18503,
        "e20": -1,
        "e21": 1.1226633e-14,
        "e22": -9.094947e-15,
        "e23": -1.8189894e-12,
        "e30": 0,
        "e31": 0,
        "e32": 0,
        "e33": 1
      },
      {
        "e00": 0,
        "e01": -0.108059175,
        "e02": -0.9941443,
        "e03": -302.56393,
        "e10": 0,
        "e11": -0.99414444,
        "e12": 0.108059175,
        "e13": 129.31564,
        "e20": -1,
        "e21": 5.1759354e-15,
        "e22": 0,
        "e23": 1.8189894e-12,
        "e30": 0,
        "e31": 0,
        "e32": 0,
        "e33": 1
      },
      {
        "e00": -0.47271225,
        "e01": 0.74521226,
        "e02": -0.4703208,
        "e03": -67.1545,
        "e10": 0.39438432,
        "e11": 0.6561914,
        "e12": 0.6433302,
        "e13": -198.12071,
        "e20": 0.7880381,
        "e21": 0.11862295,
        "e22": -0.6040898,
        "e23": -27.636477,
        "e30": 0,
        "e31": 0,
        "e32": 0,
        "e33": 1
      },
      {
        "e00": -0.6152511,
        "e01": 0.11749542,
        "e02": -0.779526,
        "e03": 204.85042,
        "e10": -0.02149185,
        "e11": 0.9859633,
        "e12": 0.16557376,
        "e13": -110.1134,
        "e20": 0.7880381,
        "e21": 0.11862292,
        "e22": -0.60408986,
        "e23": -27.63646,
        "e30": 0,
        "e31": 0,
        "e32": 0,
        "e33": 1
      },
      {
        "e00": -0.6150413,
        "e01": 0.19446921,
        "e02": -0.76413715,
        "e03": 359.39807,
        "e10": 0.026832707,
        "e11": 0.97370964,
        "e12": 0.22620721,
        "e13": -152.75958,
        "e20": 0.7880381,
        "e21": 0.118622914,
        "e22": -0.60408986,
        "e23": -27.636486,
        "e30": 0,
        "e31": 0,
        "e32": 0,
        "e33": 1
      },
      {
        "e00": 0.47271225,
        "e01": -0.74521226,
        "e02": -0.4703208,
        "e03": 53.938225,
        "e10": -0.39438432,
        "e11": -0.6561914,
        "e12": 0.6433302,
        "e13": 216.19897,
        "e20": -0.7880381,
        "e21": -0.11862295,
        "e22": -0.6040898,
        "e23": 10.661124,
        "e30": 0,
        "e31": 0,
        "e32": 0,
        "e33": 1
      },
      {
        "e00": 0.6152511,
        "e01": -0.11749542,
        "e02": -0.779526,
        "e03": -226.75565,
        "e10": 0.02149185,
        "e11": -0.9859633,
        "e12": 0.16557376,
        "e13": 114.76626,
        "e20": -0.7880381,
        "e21": -0.11862292,
        "e22": -0.60408986,
        "e23": 10.660983,
        "e30": 0,
        "e31": 0,
        "e32": 0,
        "e33": 1
      },
      {
        "e00": 0.6150414,
        "e01": -0.19446921,
        "e02": -0.76413715,
        "e03": -380.8711,
        "e10": -0.02683271,
        "e11": -0.97370964,
        "e12": 0.22620721,
        "e13": 159.1163,
        "e20": -0.7880381,
        "e21": -0.118622914,
        "e22": -0.60408986,
        "e23": 10.6611185,
        "e30": 0,
        "e31": 0,
        "e32": 0,
        "e33": 1
      },
      {
        "e00": 0.47271228,
        "e01": 0.74521226,
        "e02": 0.4703208,
        "e03": -55.18715,
        "e10": -0.39438432,
        "e11": 0.6561914,
        "e12": -0.6433303,
        "e13": -215.157,
        "e20": -0.7880381,
        "e21": 0.11862296,
        "e22": 0.6040898,
        "e23": -8.579128,
        "e30": 0,
        "e31": 0,
        "e32": 0,
        "e33": 1
      },
      {
        "e00": 0.61525106,
        "e01": 0.11749544,
        "e02": 0.7795259,
        "e03": 225.1301,
        "e10": 0.021491854,
        "e11": 0.98596334,
        "e12": -0.16557375,
        "e13": -114.82305,
        "e20": -0.7880381,
        "e21": 0.1186229,
        "e22": 0.60408974,
        "e23": -8.578992,
        "e30": 0,
        "e31": 0,
        "e32": 0,
        "e33": 1
      },
      {
        "e00": 0.6150413,
        "e01": 0.19446924,
        "e02": 0.76413715,
        "e03": 379.24615,
        "e10": -0.026832713,
        "e11": 0.9737095,
        "e12": -0.22620718,
        "e13": -159.0454,
        "e20": -0.7880381,
        "e21": 0.11862292,
        "e22": 0.60408986,
        "e23": -8.579105,
        "e30": 0,
        "e31": 0,
        "e32": 0,
        "e33": 1
      },
      {
        "e00": -0.4727123,
        "e01": -0.7452123,
        "e02": 0.47032088,
        "e03": 68.403534,
        "e10": 0.39438438,
        "e11": -0.6561913,
        "e12": -0.6433302,
        "e13": 197.07892,
        "e20": 0.7880381,
        "e21": -0.118622966,
        "e22": 0.60408986,
        "e23": 25.554533,
        "e30": 0,
        "e31": 0,
        "e32": 0,
        "e33": 1
      },
      {
        "e00": -0.61525106,
        "e01": -0.117495455,
        "e02": 0.779526,
        "e03": -203.22482,
        "e10": -0.021491839,
        "e11": -0.98596334,
        "e12": -0.16557376,
        "e13": 110.17031,
        "e20": 0.788038,
        "e21": -0.11862289,
        "e22": 0.60408986,
        "e23": 25.554382,
        "e30": 0,
        "e31": 0,
        "e32": 0,
        "e33": 1
      },
      {
        "e00": -0.6150413,
        "e01": -0.19446924,
        "e02": 0.76413715,
        "e03": -357.7733,
        "e10": 0.026832743,
        "e11": -0.9737095,
        "e12": -0.22620718,
        "e13": 152.68883,
        "e20": 0.7880381,
        "e21": -0.118622884,
        "e22": 0.60408986,
        "e23": 25.55451,
        "e30": 0,
        "e31": 0,
        "e32": 0,
        "e33": 1
      }
    ],
    "m_BoneNameHashes": "5bf9f416b7dc82d5d94a9fd3124ddff75eca4152f65375a66506c55ba886fa4f32b38d776c758b88862f1584a1db0f932f578f87daf72dc63ab3593538b9013906b67e8d27b258569625630eeff8892f4767832f107d83e673fecce943a2ef4bb67561e82bf2b455209fe0b18ad32258441de7ee245a8cd52cdbc0561c119f52",
    "m_RootBoneNameHash": 385153371,
    "m_BonesAABB": [
      {
        "m_Min": {
          "x": "Infinity",
          "y": "Infinity",
          "z": "Infinity"
        },
        "m_Max": {
          "x": "-Infinity",
          "y": "-Infinity",
          "z": "-Infinity"
        }
      },
      {
        "m_Min": {
          "x": -309.06027,
          "y": -312.59247,
          "z": -272.7567
        },
        "m_Max": {
          "x": 106.7798,
          "y": 317.92346,
          "z": 300.57153
        }
      },
      {
        "m_Min": {
          "x": -263.06396,
          "y": -317.8269,
          "z": -300.5715
        },
        "m_Max": {
          "x": 222.28781,
          "y": 312.70203,
          "z": 277.99222
        }
      },
      {
        "m_Min": {
          "x": -94.10769,
          "y": -75.79486,
          "z": -233.74135
        },
        "m_Max": {
          "x": 91.202194,
          "y": -16.5141,
          "z": -159.59343
        }
      },
      {
        "m_Min": {
          "x": -42.72238,
          "y": -55.694855,
          "z": -76.847885
        },
        "m_Max": {
          "x": -16.060638,
          "y": 70.25638,
          "z": 71.54913
        }
      },
      {
        "m_Min": {
          "x": "Infinity",
          "y": "Infinity",
          "z": "Infinity"
        },
        "m_Max": {
          "x": "-Infinity",
          "y": "-Infinity",
          "z": "-Infinity"
        }
      },
      {
        "m_Min": {
          "x": -326.6661,
          "y": -89.62546,
          "z": -82.78134
        },
        "m_Max": {
          "x": 69.07396,
          "y": 126.47647,
          "z": 82.765434
        }
      },
      {
        "m_Min": {
          "x": -234.00452,
          "y": -58.899513,
          "z": -58.918167
        },
        "m_Max": {
          "x": -41.392,
          "y": 108.19642,
          "z": 58.944702
        }
      },
      {
        "m_Min": {
          "x": -181.10281,
          "y": -42.03949,
          "z": -39.94322
        },
        "m_Max": {
          "x": -62.170486,
          "y": 99.22119,
          "z": 39.98761
        }
      },
      {
        "m_Min": {
          "x": -114.20889,
          "y": -14.094696,
          "z": -29.637575
        },
        "m_Max": {
          "x": -50.068512,
          "y": 30.919342,
          "z": 29.643583
        }
      },
      {
        "m_Min": {
          "x": -71.43544,
          "y": -125.291534,
          "z": -82.76544
        },
        "m_Max": {
          "x": 324.30472,
          "y": 90.81033,
          "z": 82.78133
        }
      },
      {
        "m_Min": {
          "x": 39.210968,
          "y": -109.68787,
          "z": -58.944725
        },
        "m_Max": {
          "x": 231.82346,
          "y": 57.40805,
          "z": 58.91819
        }
      },
      {
        "m_Min": {
          "x": 62.170654,
          "y": -101.86496,
          "z": -39.98761
        },
        "m_Max": {
          "x": 181.10298,
          "y": 39.39572,
          "z": 39.94322
        }
      },
      {
        "m_Min": {
          "x": 52.368774,
          "y": -29.616058,
          "z": -29.643583
        },
        "m_Max": {
          "x": 116.509155,
          "y": 15.39798,
          "z": 29.6376
        }
      },
      {
        "m_Min": {
          "x": -274.0382,
          "y": -61.232758,
          "z": -70.24372
        },
        "m_Max": {
          "x": 18.545082,
          "y": 119.16518,
          "z": 70.22997
        }
      },
      {
        "m_Min": {
          "x": -229.77618,
          "y": -58.490784,
          "z": -56.685303
        },
        "m_Max": {
          "x": 50.556107,
          "y": 69.27251,
          "z": 56.677864
        }
      },
      {
        "m_Min": {
          "x": -100.26935,
          "y": -9.090569,
          "z": -45.7397
        },
        "m_Max": {
          "x": -16.638062,
          "y": 75.690346,
          "z": 49.398994
        }
      },
      {
        "m_Min": {
          "x": -38.913776,
          "y": -88.43582,
          "z": -70.22997
        },
        "m_Max": {
          "x": 253.66956,
          "y": 80.5916,
          "z": 70.24372
        }
      },
      {
        "m_Min": {
          "x": 43.52365,
          "y": -68.43645,
          "z": -54.804657
        },
        "m_Max": {
          "x": 197.50424,
          "y": 59.326828,
          "z": 54.811287
        }
      },
      {
        "m_Min": {
          "x": -11.298126,
          "y": -72.65367,
          "z": -49.398994
        },
        "m_Max": {
          "x": 72.33322,
          "y": 12.127243,
          "z": 45.7397
        }
      },
      {
        "m_Min": {
          "x": -304.47437,
          "y": -82.59566,
          "z": -90.80851
        },
        "m_Max": {
          "x": 41.423035,
          "y": 154.62563,
          "z": 77.67021
        }
      },
      {
        "m_Min": {
          "x": -249.87541,
          "y": -65.58319,
          "z": -86.2562
        },
        "m_Max": {
          "x": 10.551651,
          "y": 105.2366,
          "z": 66.12572
        }
      },
      {
        "m_Min": {
          "x": -78.39703,
          "y": 11.410004,
          "z": -51.448513
        },
        "m_Max": {
          "x": 22.104218,
          "y": 96.697266,
          "z": 58.38312
        }
      },
      {
        "m_Min": {
          "x": -54.639313,
          "y": -142.75684,
          "z": -94.64556
        },
        "m_Max": {
          "x": 291.2581,
          "y": 93.63899,
          "z": 73.83316
        }
      },
      {
        "m_Min": {
          "x": 70.656525,
          "y": -100.58375,
          "z": -75.35858
        },
        "m_Max": {
          "x": 227.97018,
          "y": 70.236046,
          "z": 56.45692
        }
      },
      {
        "m_Min": {
          "x": -43.426453,
          "y": -90.340546,
          "z": -75.358444
        },
        "m_Max": {
          "x": 56.92401,
          "y": -5.0532837,
          "z": 34.473145
        }
      },
      {
        "m_Min": {
          "x": -292.50702,
          "y": -99.63194,
          "z": -71.75116
        },
        "m_Max": {
          "x": 53.39039,
          "y": 143.79887,
          "z": 96.727554
        }
      },
      {
        "m_Min": {
          "x": -229.59567,
          "y": -70.29283,
          "z": -54.374874
        },
        "m_Max": {
          "x": -72.28204,
          "y": 100.52694,
          "z": 77.44064
        }
      },
      {
        "m_Min": {
          "x": -58.54895,
          "y": 5.1241913,
          "z": -32.391132
        },
        "m_Max": {
          "x": 41.801514,
          "y": 90.41142,
          "z": 77.440506
        }
      },
      {
        "m_Min": {
          "x": -40.173996,
          "y": -155.66739,
          "z": -79.75215
        },
        "m_Max": {
          "x": 305.72345,
          "y": 81.55386,
          "z": 88.72658
        }
      },
      {
        "m_Min": {
          "x": -8.926056,
          "y": -105.179695,
          "z": -68.20779
        },
        "m_Max": {
          "x": 251.50098,
          "y": 65.64009,
          "z": 84.17413
        }
      },
      {
        "m_Min": {
          "x": -20.4794,
          "y": -96.76799,
          "z": -60.46505
        },
        "m_Max": {
          "x": 80.02182,
          "y": -11.480759,
          "z": 49.366554
        }
      }
    ],
    "m_VariableBoneCountWeights": {
      "m_Data": null
    },
    "m_MeshCompression": 0,
    "m_IsReadable": 0,
    "m_KeepVertices": 0,
    "m_KeepIndices": 0,
    "m_IndexFormat": 0,
